-2.74228e-05 -2.32542e-07
-5.48407e-05 -4.47967e-07
-8.22538e-05 -6.46282e-07
0.0108931 -0.000973285
0.640872 -0.0111989
0.695853 -0.0117141
0.700094 -0.0154232
0.693781 0.0042262
0.699085 0.0266935
0.715916 0.0411056
0.728755 0.0431984
0.732962 0.0405255
0.732944 0.0415267
0.738506 0.0590368
0.75939 0.0737015
0.768275 0.0743065
1.06217 0.0141042
1.6633 -0.133161
2.28663 -0.296525
2.9139 -0.494296
3.60899 -0.73196
4.30316 -0.918988
4.99272 -1.08905
5.66537 -1.14362
6.34172 -1.22355
7.01848 -1.29516
7.53441 -1.37363
8.05379 -1.44334
8.54342 -1.51821
8.8262 -1.55451
8.76092 -1.53962
8.90965 -1.7243
9.33767 -2.28446
9.83836 -2.95861
10.3296 -3.58196
10.8092 -4.18924
11.2814 -4.79965
11.6178 -5.21585
11.7389 -5.36291
11.8903 -5.90301
12.1134 -7.02858
12.3312 -8.18185
12.5162 -9.32119
12.6632 -10.5233
12.7818 -11.7445
12.7719 -12.4878
12.7321 -13.2427
12.6778 -14.0015
12.5937 -14.7733
12.5048 -15.5422
12.3633 -16.2946
12.2331 -16.9674
12.0548 -17.6201
11.8748 -18.246
11.683 -18.8227
11.6793 -18.8643
11.6599 -18.9381
11.4203 -19.6173
11.1779 -20.2838
10.9543 -20.953
10.7295 -21.6183
10.4969 -22.283
10.2632 -22.9696
10.0303 -23.6611
9.81649 -24.3636
9.60411 -25.0637
9.37068 -25.7819
9.1242 -26.492
8.93592 -27.0038
8.91748 -27.0709
8.88428 -27.1399
8.81968 -27.1479
8.7588 -27.142
8.69992 -27.1293
8.66909 -27.1093
8.62254 -27.0925
8.60396 -27.0695
8.54972 -27.0464
8.18021 -27.0252
7.46913 -26.9944
6.75308 -26.9163
6.05077 -26.8107
5.19045 -26.7258
4.35916 -26.633
3.62876 -26.5046
2.95489 -26.3589
2.20896 -26.1957
1.72036 -26.021
1.10233 -25.7508
1.08234 -25.7469
0.487105 -25.6191
-0.124079 -25.4804
-0.715565 -25.3456
-1.43453 -25.1083
-2.18929 -24.8298
-2.94379 -24.6711
-3.70948 -24.5554
-4.44388 -24.4251
-5.14715 -24.249
-5.96349 -24.0374
-6.63023 -23.8491
-7.38641 -23.7109
-8.10162 -23.5142
-8.81287 -23.2833
-9.52257 -23.102
-10.2301 -22.9385
-10.9263 -22.7749
-11.6398 -22.5852
-12.1535 -22.4901
-12.2684 -22.4697
-12.364 -22.3833
-12.3579 -22.2014
-12.2565 -21.4653
-12.2049 -20.7334
-12.1708 -20.0076
-12.1787 -19.2113
-12.2138 -18.3062
-12.2901 -17.5569
-12.3231 -17.4224
-12.1854 -16.7099
-12.0325 -15.8626
-11.9633 -15.0642
-11.9889 -13.9752
-12.0786 -13.2574
-11.8913 -12.8081
-11.5416 -12.0261
-11.2775 -11.1133
-11.0366 -10.2033
-10.826 -9.28
-10.6009 -8.36488
-10.4016 -7.4441
-10.2324 -6.52045
-10.1026 -5.59558
-9.93791 -4.76951
-9.75917 -3.91602
-9.54321 -3.09552
-9.32989 -2.21176
-9.08537 -1.34009
-8.8649 -0.458221
-8.74142 0.0655834
-8.65706 0.615467
-8.56194 1.14978
-8.46609 1.69404
-8.30628 2.22944
-8.23182 2.50484
-8.24951 2.46028
-8.26833 2.39115
-8.11253 2.36829
-7.58041 2.25764
-6.84047 2.10375
-6.10706 1.99084
-5.3683 1.90405
-4.67238 2.00552
-3.98549 2.1154
-3.26678 2.22922
-2.63356 2.3335
-1.92245 2.43321
-1.33191 2.4905
-0.858894 2.3926
-0.394161 2.18388
-0.835919 1.61464
-1.14123 0.751657
-1.3724 0.660029
-1.40932 -0.346183
-1.50149 -0.251349
-0.998624 -0.285398
0.047639 -0.28764
0.598808 -0.317591
1.12171 -0.351576
1.66097 -0.410746
2.19023 -0.470783
2.70941 -0.562922
3.29089 -0.668718
3.95877 -0.835569
4.61142 -0.988794
5.21897 -1.10479
5.85525 -1.24914
6.47996 -1.36274
7.16299 -1.51973
7.23806 -1.52885
7.01072 -1.47959
7.53733 -1.83336
8.10481 -2.29954
8.70117 -2.96245
9.29339 -3.75176
9.8194 -4.66926
10.2489 -5.7358
10.6307 -6.81081
11.0003 -7.91519
11.343 -9.04206
11.4801 -9.79888
11.6017 -10.5706
11.7035 -11.3608
11.7841 -12.1281
11.8334 -12.9634
11.8615 -13.8232
11.8638 -14.5583
11.8327 -15.3077
11.786 -16.0627
11.6742 -16.84
11.5382 -17.6236
11.371 -18.4176
11.1766 -19.1155
10.8543 -20.0615
10.6509 -20.8924
10.3956 -21.6622
10.1609 -22.4323
9.92301 -23.226
9.67293 -24.0523
9.43738 -24.8952
9.23065 -25.3813
9.0321 -25.8647
8.80387 -26.3506
8.55215 -26.8468
8.29402 -27.3335
8.15458 -27.5791
8.16451 -27.5576
7.91747 -27.5943
7.60915 -27.4869
6.73859 -27.3464
5.8259 -27.1967
4.951 -26.9857
4.11707 -26.8031
3.29911 -26.6325
2.52889 -26.4965
1.74654 -26.3513
0.962784 -26.206
0.304354 -26.2217
-0.0872989 -26.163
-0.361661 -26.094
-0.518512 -26.0506
-0.185789 -26.0921
-0.544083 -25.8819
-1.14307 -25.5214
-1.76699 -25.195
-2.07218 -25.0253
-2.52502 -24.9861
-3.27715 -24.9292
-4.02978 -24.9138
-4.76881 -24.8366
-5.43065 -24.6273
-6.05762 -24.4046
-6.74238 -24.24
-7.44837 -24.0476
-8.17024 -23.9028
-8.87935 -23.7561
-9.57385 -23.5634
-10.2668 -23.3772
-10.8547 -23.2764
-10.8491 -23.2835
-10.8764 -23.2833
-11.2187 -22.8289
-11.5793 -22.2882
-11.9528 -21.7197
-12.3176 -21.1385
-12.3698 -21.0621
-12.3702 -20.9566
-12.3843 -20.4474
-12.4132 -19.8596
-12.5723 -18.9042
-12.7249 -17.9938
-12.7013 -17.6906
-12.545 -16.7914
-12.4165 -15.9148
-12.3241 -15.0356
-12.2956 -14.1306
-12.1519 -13.3023
-11.9882 -12.2217
-11.7258 -11.3885
-11.4767 -10.5377
-11.2838 -9.6304
-11.0582 -8.75652
-10.8392 -7.8748
-10.7213 -6.95125
-10.6853 -6.04197
-10.535 -5.14056
-10.3898 -4.23902
-10.3299 -3.37827
-10.1222 -2.44678
-9.92737 -1.84102
-9.69578 -1.20639
-9.43243 -0.54456
-9.1287 0.14554
-8.87582 0.802412
-8.59352 1.48143
-8.4369 2.01002
-8.29314 2.51438
-8.30197 2.45363
-8.30036 2.45574
-8.17402 2.50471
-7.5194 2.43442
-6.68122 2.36277
-6.08408 2.28964
-5.44715 2.17857
-4.80455 2.05613
-4.12706 1.89295
-3.38115 1.6282
-2.62787 1.35351
-1.90316 1.08342
-1.2035 0.805207
-0.596249 0.646251
0.00913604 0.467867
0.392122 0.348742
0.463906 0.292029
1.0436 0.0951008
1.59534 -0.00140175
2.28361 -0.0362829
2.98285 -0.11151
3.67089 -0.202037
4.36602 -0.288489
5.05239 -0.339608
5.39291 -0.381141
5.41045 -0.372733
5.41007 -0.206485
5.38838 0.366891
5.3572 0.938587
5.30459 1.51431
5.23313 2.09258
5.12737 2.67682
5.05045 2.98522
5.00562 2.86899
4.81433 2.79783
4.74124 2.66486
4.70009 2.70875
4.56694 2.75792
4.38334 2.74962
4.32147 2.79899
4.33073 2.74751
4.27726 2.03241
4.22402 1.38034
4.13085 0.737672
4.03074 0.0943881
3.89923 -0.546387
3.85846 -0.733555
3.77558 -0.762692
3.71361 -0.763664
3.66123 -0.801159
3.66093 -0.781783
3.69962 -0.79672
3.77672 -0.71701
3.76163 -0.691015
3.92619 -0.772068
4.57368 -1.07275
5.18629 -1.26267
5.80966 -1.4325
6.07127 -1.49975
6.07266 -1.50077
6.0779 -1.58622
6.12108 -2.18199
6.14569 -2.80721
6.16767 -3.6039
6.16516 -3.87687
6.16474 -3.87706
6.1628 -3.87951
6.16723 -3.87831
6.16479 -3.87868
6.16026 -3.87261
6.16264 -3.84836
6.17132 -3.83425
6.17676 -3.83176
6.17842 -3.83243
6.18851 -3.82946
6.26317 -3.58031
6.35311 -3.2924
6.26115 -2.95635
6.18553 -2.66686
6.29643 -2.52299
6.72632 -2.04223
7.12847 -1.60741
7.11897 -1.62525
7.13811 -1.61929
7.18328 -1.63432
7.68205 -1.9805
8.22526 -2.3379
8.77836 -2.73576
9.09762 -2.98807
9.02396 -2.9573
8.98792 -3.0006
9.42578 -2.65842
9.82042 -2.29106
10.1876 -1.8914
10.2817 -1.79156
10.256 -1.86733
10.3765 -1.91626
10.4681 -1.79316
10.5088 -1.6848
10.6764 -1.86746
11.2485 -2.31377
12.1578 -2.90233
13.0475 -3.55248
13.5044 -3.86053
13.4105 -3.85248
13.4051 -3.85303
13.5358 -4.50133
13.7669 -4.53709
13.7585 -4.6839
13.498 -4.95825
13.3273 -5.04406
13.0457 -5.43026
12.7351 -6.07807
12.0388 -7.186
11.4908 -7.78878
10.8174 -8.23509
10.1165 -8.6103
9.44041 -8.92541
9.3911 -8.9992
9.43207 -9.09035
9.64382 -9.53092
9.96093 -10.2486
10.1278 -10.6326
10.1785 -10.7244
10.1846 -10.833
9.53908 -11.1525
8.79485 -11.4644
8.04238 -11.7611
7.30228 -12.1019
6.93384 -12.3131
6.57353 -12.3089
6.04472 -12.2708
6.01652 -12.3067
6.04648 -12.336
6.05597 -12.4349
6.05172 -12.5417
6.0431 -12.5495
6.02732 -12.5616
5.98646 -12.6334
5.96958 -12.6463
5.98965 -12.659
6.75688 -12.7145
7.50604 -12.8
7.89833 -12.8628
7.8597 -12.8642
7.88453 -12.8656
7.95854 -12.8977
7.95437 -13.6263
7.95285 -14.4768
7.89101 -15.3268
7.86219 -16.1868
7.76295 -16.6818
7.74322 -16.6188
7.79064 -16.5247
7.88209 -16.4781
7.93444 -16.4864
7.90763 -16.4452
7.89184 -16.3604
7.93122 -16.265
7.98224 -16.1856
7.99894 -16.0737
8.19051 -15.2926
8.36176 -14.497
8.48559 -13.7043
8.55048 -13.1044
8.52789 -13.0419
8.53104 -12.96
8.89964 -12.9142
9.55692 -12.9372
10.2563 -12.9835
10.6462 -13.0372
10.6874 -13.0425
10.7582 -13.122
10.7561 -13.7231
10.6778 -14.5741
10.5757 -15.3038
10.5735 -15.4254
10.8809 -15.5275
11.555 -15.7246
12.1996 -15.9404
12.8685 -16.193
13.5812 -16.4743
14.2633 -16.8098
14.7899 -17.0801
14.8164 -17.0827
14.8434 -17.1131
14.8448 -17.1202
14.8442 -17.1042
14.8634 -17.088
14.8849 -17.0782
14.8944 -17.0898
14.893 -17.0973
14.8896 -17.0857
14.8881 -17.0706
14.885 -17.0512
14.9077 -17.0488
14.9329 -17.0464
14.4789 -16.8378
13.7698 -16.5984
13.0621 -16.3304
12.3385 -16.1014
11.6129 -15.8697
11.0384 -15.7308
10.9769 -15.7639
10.9564 -15.8452
10.9398 -16.1754
10.8425 -16.9278
10.7131 -17.6894
10.6318 -18.6328
10.5707 -19.5502
10.5392 -20.4211
10.4509 -21.36
10.2928 -22.3679
10.3089 -23.1054
10.4584 -23.9674
10.53 -24.9787
10.5833 -25.7104
10.615 -25.9548
10.8211 -26.0495
11.4395 -26.2321
12.0704 -26.5008
12.701 -26.8121
13.3913 -27.1175
13.789 -27.3141
13.8975 -27.4643
13.9255 -27.6619
14.0425 -27.7556
13.8968 -27.7375
13.1018 -27.5353
12.3422 -27.3142
11.5547 -27.1575
10.7662 -26.9968
10.057 -26.8688
9.77896 -26.8268
9.75014 -27.0362
9.75057 -27.736
9.63027 -28.5673
9.49383 -29.3551
9.35642 -30.1073
9.19926 -30.8981
8.9971 -31.7221
8.74485 -32.5559
8.50708 -33.4628
8.21611 -34.3839
7.88879 -35.2901
7.7878 -35.7305
7.87271 -35.8213
7.93829 -35.822
7.97328 -35.8147
8.43606 -35.9243
9.2171 -36.1291
9.94669 -36.358
10.7426 -36.641
11.5218 -36.9812
12.2981 -37.288
13.1128 -37.4862
13.2811 -37.5181
13.2745 -37.5293
13.3009 -37.6128
13.4214 -37.7518
13.3989 -37.7638
13.365 -37.8386
13.4221 -37.9602
13.5006 -38.0504
13.5202 -38.1694
13.4909 -38.2295
13.333 -38.153
12.5813 -37.7908
11.8445 -37.4402
11.0607 -37.1649
10.1924 -36.9758
9.35687 -36.804
9.3018 -36.8225
9.23863 -36.8285
9.16213 -36.8164
8.84946 -36.8455
8.02653 -36.7764
7.15967 -36.6902
6.56022 -36.7226
7.33326 -36.3673
6.49147 -37.3122
6.46009 -38.0938
6.43489 -38.9273
6.36275 -39.7417
6.68808 -40.7438
6.55931 -41.2026
6.73262 -41.89
7.23771 -41.9854
7.36986 -41.9326
7.12652 -41.9822
6.86197 -41.8819
6.60124 -41.7452
6.11356 -40.7389
5.56726 -39.7638
4.97071 -38.8247
4.33251 -37.9096
3.8566 -37.4225
3.58562 -37.3553
2.58816 -37.3181
1.60905 -37.373
0.625731 -37.5136
-0.379885 -37.6352
-1.45623 -38.0117
-2.54584 -38.4463
-3.6103 -38.9791
-4.69335 -39.5035
-5.27923 -39.9035
-5.1808 -40.5368
-4.83484 -41.8055
-4.38459 -43.016
-3.98593 -44.3493
-3.9092 -45.3791
-3.83684 -46.0988
-3.77069 -46.1539
-4.0698 -46.3246
-4.13223 -46.7742
-4.24869 -46.4211
-4.49229 -45.5364
-4.73323 -44.5358
-5.05889 -43.5485
-5.27967 -42.6318
-5.49066 -42.0238
-5.61445 -41.9616
-5.76189 -42.0614
-6.82135 -42.0905
-7.69528 -42.1107
-7.76773 -42.225
-7.7705 -42.2778
-7.73015 -42.9793
-7.66648 -43.8926
-7.68333 -44.9276
-7.74404 -45.9876
-7.80049 -46.9939
-7.88811 -48.0211
-7.69202 -47.5951
-7.48303 -47.2929
-7.40547 -47.4764
-7.57304 -47.7471
-7.82143 -47.9167
-8.02802 -47.9406
-7.93798 -47.4193
-7.72399 -46.5019
-7.52008 -45.5804
-7.39022 -44.6821
-7.33678 -43.898
-7.28527 -43.9377
-7.52605 -44.0653
-8.59962 -43.97
-9.71256 -43.9492
-10.9222 -44.0376
-12.2743 -44.2373
-13.1845 -44.4457
-14.4227 -44.6271
-15.6773 -44.8045
-16.9138 -44.983
-18.161 -45.1468
-19.1745 -45.3513
-19.6803 -46.6561
-18.3332 -48.677
-18.0832 -49.8698
-17.6217 -50.9114
-17.0195 -51.7908
-16.4735 -52.6558
-16.1726 -53.8432
-15.946 -54.1871
-16.1848 -54.4275
-16.0099 -54.8111
-16.0374 -54.3747
-16.1939 -53.5415
-16.3506 -52.6334
-16.7663 -51.7086
-17.7288 -50.8017
-18.4964 -50.0352
-18.8466 -49.9731
-19.3147 -50.2672
-20.4797 -50.69
-21.5617 -51.2143
-22.1124 -52.0012
-20.7789 -52.7503
-20.662 -53.7265
-20.5412 -54.6284
-20.4188 -55.5708
-20.2446 -56.5585
-20.1903 -57.5351
-20.2418 -57.9743
-20.5317 -56.9177
-20.7365 -56.369
-20.9229 -56.0096
-20.8458 -55.5034
-20.5513 -55.2598
-20.3328 -55.2112
-20.539 -54.7949
-20.8582 -53.7944
-21.1863 -53.0964
-21.4778 -52.4013
-21.8864 -51.6872
-22.1317 -51.3179
-22.3396 -51.3998
-22.9333 -51.8096
-23.6188 -52.224
-24.5479 -52.7403
-25.5051 -53.2207
-26.3915 -53.704
-27.2092 -54.204
-27.8098 -54.5758
-27.801 -54.5103
-28.0627 -54.4867
-28.3242 -54.4664
-28.3197 -54.4478
-28.3238 -54.3396
-28.4986 -54.1731
-28.0903 -53.605
-27.3721 -52.7893
-26.7585 -51.8884
-26.2744 -50.9984
-25.6862 -50.1986
-25.0549 -49.3532
-24.4769 -48.4226
-24.0707 -46.9244
-23.7071 -45.6248
-23.5421 -45.2111
-23.4964 -45.1731
-23.7256 -45.1564
-24.1292 -45.1047
-24.2282 -45.1433
-24.3296 -44.4936
-24.9154 -44.3248
-25.6353 -44.1607
-26.6682 -44.4067
-27.7059 -44.6858
-28.7401 -44.8756
-29.9984 -45.024
-31.041 -45.1258
-32.0778 -45.233
-33.1244 -45.3369
-33.2353 -45.435
-33.1678 -45.6901
-32.9829 -45.8057
-32.9784 -45.8198
-32.5526 -45.8505
-31.6428 -45.7381
-30.7255 -45.641
-29.8164 -45.5004
-28.9325 -45.3253
-27.9964 -44.9765
-27.8198 -44.9103
-27.8355 -44.9099
-28.1254 -44.0684
-28.4355 -43.1548
-28.4457 -43.1437
-28.4735 -43.1586
-29.4344 -43.3161
-30.4533 -43.394
-31.296 -43.5255
-31.3007 -43.5385
-31.3322 -43.5397
-31.3463 -43.5299
-31.3441 -43.5132
-31.3409 -43.5203
-30.5068 -43.3728
-29.4732 -43.3365
-28.5371 -43.3672
-28.433 -43.3821
-28.4305 -43.3728
-28.594 -42.9516
-28.9286 -41.9719
-29.2367 -40.9594
-29.4967 -39.9331
-30.0784 -38.5165
-30.7518 -36.9976
-31.5866 -35.2659
-32.0842 -34.0025
-32.7751 -32.671
-32.0165 -32.3924
-31.0006 -32.8084
-33.6945 -35.3177
-34.7458 -35.5074
-35.5282 -35.6666
-35.5536 -35.7096
-35.6177 -35.678
-35.7178 -35.6882
-35.7229 -35.7296
-34.7674 -35.2969
-33.7716 -34.9081
-33.6684 -34.8962
-33.7311 -34.8363
-34.0743 -33.8374
-34.4654 -32.9102
-34.5701 -32.8942
-34.986 -33.0107
-36.0782 -33.296
-37.1504 -33.63
-38.323 -34.2167
-38.8361 -34.587
-39.0135 -34.7855
-39.3353 -34.4053
-39.9613 -33.5867
-40.2031 -33.2654
-40.0543 -33.299
-39.8428 -33.4468
-39.6879 -33.7699
-39.802 -34.0594
-39.9179 -34.1459
-39.2736 -34.7194
-38.4342 -35.4122
-38.0468 -35.7361
-36.5681 -34.6719
-35.0897 -33.5342
-35.4003 -32.6581
-35.4464 -31.6441
-35.866 -30.8131
-36.2868 -29.4197
-36.754 -28.0833
-37.2472 -26.8013
-37.8296 -25.6324
-38.478 -24.5157
-39.0047 -23.3242
-39.5227 -22.1321
-40.1315 -20.986
-40.7699 -19.9204
-40.812 -19.6456
-40.9369 -19.895
-42.0376 -20.3306
-43.2419 -20.5872
-44.4122 -20.8612
-44.5586 -21.0688
-44.4151 -21.2604
-44.5389 -21.3404
-44.6461 -21.5223
-44.5894 -21.8033
-44.5101 -22.0714
-44.2399 -22.2602
-43.2916 -22.4234
-42.3355 -22.5903
-41.4629 -22.7725
-42.5998 -25.0555
-41.1294 -25.6477
-41.0596 -24.5282
-41.0123 -23.3257
-40.9496 -22.2112
-40.8939 -21.1232
-40.8425 -20.0452
-41.0453 -19.0029
-41.2304 -17.946
-41.3698 -16.9338
-41.5098 -15.9497
-41.5605 -15.5092
-41.5296 -15.5022
-41.5342 -15.4651
-41.5564 -15.4764
-41.5053 -15.511
-41.4437 -15.4825
-41.409 -15.4451
-41.3446 -15.4232
-41.2792 -15.4367
-41.1469 -15.8517
-40.8985 -16.796
-40.6039 -17.8334
-40.3383 -18.8797
-40.0551 -19.9257
-39.8144 -20.9727
-40.2506 -21.0174
-40.2121 -20.9712
-39.5845 -20.4928
-38.5399 -19.8789
-37.4763 -19.351
-36.4671 -18.7978
-35.4514 -18.3129
-34.4321 -17.7786
-33.5174 -17.8366
-32.6018 -17.897
-31.6853 -17.992
-30.9841 -18.1374
-30.9045 -18.5506
-30.7622 -18.4561
-31.0216 -17.4855
-31.2351 -16.5319
-31.3657 -15.622
-31.5934 -14.7189
-31.7972 -13.8506
-31.7526 -13.6377
-31.9096 -13.6894
-31.9814 -14.1048
-31.8374 -14.4965
-32.0131 -14.7026
-32.1776 -14.9023
-32.3069 -15.2233
-32.4508 -15.3892
-32.4949 -15.4259
-32.0345 -16.5398
-31.6213 -17.6803
-31.3404 -18.1428
-30.5716 -19.1401
-30.0462 -19.8739
-29.9992 -19.8064
-29.3862 -20.9758
-28.9975 -22.2917
-28.7292 -23.1442
-28.6629 -23.1527
-28.8207 -23.3357
-28.9377 -23.6704
-28.7244 -23.7598
-28.8098 -23.7811
-29.6411 -24.2018
-30.9346 -24.6828
-32.2892 -25.0534
-33.6414 -25.5054
-34.8013 -26.412
-35.6597 -27.5857
-35.7872 -27.2753
-35.3755 -28.5097
-35.3676 -29.6415
-35.3737 -30.5554
-35.4373 -31.7864
-35.576 -32.8081
-35.7279 -33.9478
-35.853 -34.8219
-32.2856 -37.0148
-32.3967 -37.7153
-32.1997 -38.4229
-31.7199 -39.0708
-30.1915 -39.7053
-28.5896 -40.2726
-28.5687 -40.5121
-28.4067 -41.3979
-27.7012 -42.3538
-26.9953 -43.2694
-26.2792 -44.256
-25.713 -45.1522
-24.1861 -44.9383
-22.1819 -45.3034
-21.0051 -46.0467
-19.7655 -46.9744
-18.6931 -47.9829
-17.661 -49.0361
-16.7976 -50.1608
-16.0961 -51.2972
-15.6099 -52.3981
-15.1597 -52.273
-13.7215 -52.8828
-12.2388 -53.5204
-10.7606 -54.1962
-9.29938 -54.8698
-7.78911 -55.6107
-6.30458 -56.4593
-4.83428 -57.3923
-3.40265 -58.3942
-2.13883 -59.2051
-1.6453 -59.0291
-1.7503 -59.6405
-1.50819 -57.2885
-1.01597 -55.3325
-0.350475 -53.7955
0.498376 -52.2089
1.42364 -50.8765
2.26796 -49.7362
3.21939 -48.4852
4.05398 -46.8989
5.041 -45.8855
5.36415 -45.4052
5.53286 -43.8314
5.66375 -41.5656
6.08936 -39.5413
6.80287 -37.8616
7.79214 -37.0135
8.78603 -36.1941
9.50503 -34.5278
10.078 -32.401
10.8583 -30.691
11.7306 -29.3162
12.6508 -28.1412
13.5849 -27.2894
14.5304 -26.6251
15.5195 -25.7791
16.5018 -24.9896
17.462 -23.8047
18.321 -22.3026
19.0733 -20.5271
19.9389 -18.956
20.6478 -18.8075
20.7224 -18.9516
20.6505 -18.8868
20.248 -19.0034
19.8508 -19.1166
18.9399 -18.7244
17.6647 -17.9952
16.619 -17.0391
15.6644 -15.952
14.6448 -14.9111
13.6061 -13.8799
12.4362 -12.9331
11.193 -12.0317
9.92488 -11.1552
8.56404 -10.3167
7.17868 -9.50255
5.72902 -8.8103
4.51614 -8.09037
3.159 -7.4496
1.69911 -6.86789
0.0475528 -6.35596
-1.57366 -5.8298
-3.07642 -5.23663
-4.42444 -4.59333
-5.70833 -3.9427
-7.03006 -3.31838
-8.2442 -2.69383
-9.52713 -2.05882
-10.7758 -1.45116
-11.3273 -0.699174
-12.0095 0.0146291
-12.666 0.783185
-12.9605 1.29915
-13.559 0.317401
-15.2018 -0.834574
-16.8695 -1.77578
-18.4819 -2.24665
-20.0727 -2.58103
-21.533 -2.8298
-23.1 -3.34103
-24.8243 -4.18172
-26.6186 -5.39729
-28.0539 -6.87709
-28.2876 -6.73419
-28.5941 -7.28853
-29.1558 -8.75477
-29.7588 -9.96008
-30.1472 -11.7683
-30.6935 -13.0698
-31.2274 -14.4447
-31.8223 -16.0204
-32.4751 -17.0969
-33.1851 -17.9129
-33.8572 -18.9494
-34.5688 -19.9615
-35.275 -21.0097
-35.356 -21.3583
-35.3276 -21.7642
-36.016 -22.9081
-36.6284 -24.2127
-36.7695 -24.9227
-36.0926 -25.9681
-33.9262 -26.153
-31.3181 -26.9104
-30.5871 -27.8809
-29.8806 -28.9619
-29.1924 -30.0737
-28.5187 -31.2067
-28.2559 -31.5052
-28.0923 -31.6731
-28.1356 -31.8344
-28.9146 -32.2538
-30.0684 -33.0598
-31.3423 -33.8194
-31.3086 -34.039
-31.2965 -34.2517
-31.2015 -34.2546
-31.2428 -34.3583
-31.0673 -34.4903
-30.6246 -34.5883
-30.2678 -34.7769
-30.1869 -34.9545
-29.5084 -34.4368
-28.3273 -33.5924
-27.1899 -32.7223
-26.1127 -31.8833
-25.0654 -31.0971
-24.3691 -30.5462
-24.3761 -30.4465
-24.8829 -30.494
-25.0323 -30.7439
-25.0418 -30.5073
-24.6077 -30.6765
-23.1474 -31.6001
-21.673 -32.6786
-20.452 -33.44
-20.3809 -33.4948
-20.3592 -33.5069
-20.9199 -33.888
-21.9601 -34.7631
-22.9382 -35.6249
-22.9612 -35.6332
-22.9329 -35.6648
-22.851 -35.673
-22.7776 -35.6989
-23.0409 -36.9326
-23.3123 -38.0963
-23.3151 -38.0787
-24.2719 -38.8777
-25.3059 -39.7533
-25.3564 -40.0301
-25.0383 -40.0977
-24.0513 -41.3881
-23.1221 -42.6111
-22.8369 -42.5876
-22.6893 -43.9813
-22.4647 -44.6562
-22.3414 -44.5312
-22.3205 -44.6244
-22.6381 -44.209
-23.5419 -42.8057
-24.452 -41.3424
-25.3906 -39.9324
-25.4544 -39.7683
-25.4841 -39.7545
-24.8093 -38.6219
-23.9857 -37.3638
-23.195 -36.2234
-23.1622 -36.1524
-23.0837 -36.0702
-23.0146 -36.0514
-22.4787 -36.6928
-21.5915 -37.87
-20.6001 -38.9588
-20.3176 -38.9752
-19.4406 -38.9496
-19.088 -38.8356
-17.89 -39.7674
-16.6673 -40.7503
-15.503 -41.7536
-14.5553 -42.5278
-14.1921 -42.3357
-12.7476 -42.8984
-11.3978 -43.685
-10.1479 -44.4804
-9.20468 -45.4076
-7.94594 -46.0731
-6.49245 -46.6472
-5.13884 -47.2985
-3.82383 -47.8793
-2.3904 -48.5227
-1.87865 -48.48
-1.68401 -48.5001
-1.70407 -48.4811
-2.19131 -49.5793
-2.43454 -49.8859
-2.46793 -49.4969
-3.53488 -49.7722
-4.55442 -50.1651
-5.66838 -50.6818
-5.89109 -50.4708
-5.69374 -50.0452
-5.40447 -49.9892
-5.32041 -49.5467
-4.69162 -48.2708
-3.43072 -46.8518
-2.19628 -45.7798
-1.01599 -44.8166
-0.469063 -44.1515
-0.257909 -43.7232
-0.0681419 -43.7493
0.630739 -44.2388
1.68479 -45.3967
2.49806 -46.3566
2.70682 -46.3648
2.94425 -46.4909
2.31282 -47.2639
1.32134 -48.3991
0.375092 -49.5252
-0.595616 -50.623
-1.5916 -51.6914
-2.50367 -52.8483
-3.16492 -54.3828
-3.02513 -55.2506
-0.152098 -56.2373
-0.487678 -56.5379
-0.449642 -56.5523
-0.56054 -56.4303
-1.58375 -56.3459
-3.25413 -55.9323
-4.85116 -55.4586
-6.41414 -55.1034
-8.03304 -54.688
-10.6826 -55.038
-12.929 -55.0113
-13.7371 -54.2383
-14.6006 -53.4941
-15.7965 -52.8622
-17.126 -52.2728
-17.6888 -51.2598
-17.1198 -50.8737
-17.9436 -49.7383
-18.8405 -48.8371
-18.452 -48.8486
-17.0856 -49.5626
-15.5971 -50.3039
-14.1752 -51.0132
-12.7893 -51.8439
-11.4323 -52.7318
-10.2444 -53.7399
-8.91286 -54.7934
-7.65153 -55.8741
-6.4056 -56.9781
-5.1863 -58.0769
-4.46012 -58.4994
-4.07984 -58.3924
-4.0866 -57.7539
-3.04927 -56.298
-2.08183 -54.7857
-1.14314 -53.2788
-0.248269 -51.7572
0.64158 -50.1928
1.49367 -48.6777
2.6754 -48.2492
3.32838 -48.3031
3.5637 -48.7382
2.86428 -48.8408
1.2364 -48.3619
-0.28324 -47.8128
-1.91174 -47.2503
-3.57685 -46.7559
-5.04901 -45.9934
-6.6051 -45.3102
-8.28449 -44.8959
-9.86967 -44.2409
-11.4935 -43.6858
-13.1813 -43.226
-14.8447 -42.8618
-16.2478 -42.0636
-17.6073 -41.3011
-19.0665 -40.566
-20.4577 -39.6557
-21.9286 -38.7838
-23.447 -37.9713
-25.0043 -37.2121
-26.4783 -36.206
-27.9518 -35.2162
-29.4204 -34.3023
-31.0862 -33.1866
-32.5297 -32.1376
-33.8885 -31.347
-35.2869 -30.5435
-36.3493 -29.7004
-37.4686 -28.708
-38.5348 -27.8816
-38.5306 -27.8832
-38.5346 -27.8514
-38.5234 -27.8258
-37.5589 -26.9018
-36.4983 -25.9312
-36.3189 -25.7648
-36.3189 -25.7648
