-4.43493e-14 -2.46304e-12
-9.02359e-14 -4.92712e-12
-1.37661e-13 -7.39223e-12
0.0110019 -0.000974988
0.641008 -0.0112001
0.696016 -0.0117156
0.700269 -0.015435
0.693956 0.00421352
0.699263 0.0266943
0.716115 0.0411233
0.728981 0.0432207
0.733204 0.0405376
0.733186 0.0415461
0.738752 0.0590712
0.759658 0.0737514
0.768571 0.0743583
1.06249 0.0141529
1.66365 -0.133114
2.287 -0.296479
2.9143 -0.494253
3.52043 -0.704275
4.1371 -0.883571
4.75736 -1.03594
5.401 -1.03971
6.04164 -1.06339
6.68438 -1.0866
7.29449 -1.17907
7.90969 -1.27469
8.49419 -1.35325
8.87595 -1.38485
8.85056 -1.54624
9.54953 -1.21886
10.1386 -1.58089
10.5221 -2.09533
10.9187 -2.60306
11.3094 -3.11662
11.6907 -3.64678
11.9314 -4.00177
8.14934 -7.13298
6.70832 -7.58097
6.72019 -8.23548
6.72203 -8.92071
6.70759 -9.56405
6.68704 -10.2346
6.68303 -10.896
6.68147 -11.5542
6.56662 -12.224
6.39924 -12.8959
6.2144 -13.5648
6.06141 -14.2262
5.92917 -14.8447
5.84319 -15.4528
5.7148 -16.0514
5.57839 -16.6246
5.41057 -17.1512
7.49145 -17.4036
5.46261 -17.0735
5.21898 -17.6998
4.97529 -18.3146
4.77078 -18.9323
4.58747 -19.5495
4.42322 -20.1714
4.28313 -20.7892
4.06832 -21.4
3.79615 -22.0049
3.51934 -22.607
3.27399 -23.2395
3.09065 -23.8826
2.98633 -24.3525
2.93438 -24.3501
2.84843 -24.3193
2.84323 -24.2102
2.84323 -24.2102
2.88649 -23.9815
2.92823 -23.9078
3.30389 -22.8494
3.29275 -22.8385
3.2858 -22.821
2.98699 -22.8188
2.34948 -22.8262
1.70139 -22.7877
1.06347 -22.7201
0.51144 -22.8415
-0.0733201 -23.2985
-0.610505 -23.2447
-1.04299 -22.6545
-1.46026 -21.5808
-1.63141 -20.3568
-1.65942 -19.3433
-1.6225 -20.1336
-2.20399 -20.4187
-2.80017 -20.6475
-3.39727 -20.6482
-3.95288 -20.0269
-4.45622 -19.2455
-5.10955 -19.0693
-5.76434 -18.8033
-6.38957 -18.5164
-6.99506 -18.2624
-7.71769 -18.0029
-8.30018 -17.813
-8.95025 -17.61
-9.57779 -17.4342
-10.1916 -17.2416
-10.8244 -17.151
-11.4612 -17.117
-12.0862 -17.0789
-12.7219 -16.9788
-13.1403 -16.8932
-13.0365 -16.1293
-14.0127 -17.2403
-14.0717 -17.1374
-14.0083 -16.4715
-13.9942 -15.8182
-13.9932 -15.1736
-14.0665 -14.504
-14.6979 -13.8425
-15.6331 -13.4324
-8.97677 -11.423
-10.4739 -10.8238
-12.1624 -10.1157
-13.1979 -9.54671
-13.0024 -8.8952
-11.7785 -8.4481
-12.0517 -8.07732
-11.9895 -7.41805
-11.8314 -6.78209
-11.5758 -6.17695
-11.1428 -5.57553
-10.5926 -5.00256
-10.0223 -4.41625
-9.50859 -3.80989
-9.12125 -3.18069
-8.75056 -2.53803
-8.1781 -1.89127
-7.84418 -1.26515
-7.51815 -0.569411
-7.42735 0.151719
-7.24467 0.864617
-7.01435 1.4699
-6.82838 2.11487
-6.63342 2.73794
-6.43577 3.3691
-6.16688 3.96552
-6.02108 4.31266
-5.34312 4.04584
-5.66363 4.13565
-5.64364 3.87024
-5.23582 3.68447
-4.62982 3.41838
-4.01937 3.2006
-3.39549 3.02484
-2.70121 2.89456
-1.99225 2.87827
-1.28087 2.91784
-0.548857 3.04774
0.171044 3.10173
0.821427 3.10027
1.00045 3.04016
-0.680952 -0.695488
-0.593154 -0.750756
0.837475 -1.2569
0.879882 -1.31047
-1.14048 -1.23876
-0.245288 -0.397266
-0.0571289 0.365108
0.604856 0.441726
1.21482 0.410179
1.80003 0.447871
2.38821 0.406806
2.96317 0.31799
3.49123 0.0807253
4.08427 -0.161594
4.66627 -0.305149
5.24556 -0.439066
5.82665 -0.467013
6.37607 -0.630905
6.95899 -0.718808
7.51971 -0.959326
7.87221 -1.00539
7.90134 -0.892423
8.43049 -1.10609
8.96187 -1.36556
9.45481 -1.73712
9.32329 -2.77686
8.04866 -4.40905
6.79817 -5.7924
5.89368 -6.95507
5.35115 -7.99156
5.29563 -8.83133
5.45931 -9.44882
5.50851 -10.1006
5.46616 -10.7684
5.37377 -11.3929
5.25669 -12.0379
5.1898 -12.6663
5.24909 -13.3115
5.16159 -13.9696
5.01417 -14.6286
4.83752 -15.2709
4.69091 -15.9082
4.59115 -16.5474
4.70382 -16.9682
4.80246 -17.6263
4.70528 -18.215
4.4783 -18.7801
4.22446 -19.32
3.94607 -19.8763
3.66227 -20.468
3.44172 -21.073
3.29828 -21.6984
3.16915 -22.3266
3.01037 -22.9458
2.8317 -23.5694
2.64696 -24.1794
2.53668 -24.5324
2.39835 -24.468
2.31203 -23.8652
2.08787 -24.5069
1.50202 -24.4764
0.873623 -24.4456
0.309835 -24.2629
-0.240836 -23.7303
-0.807042 -23.1522
-1.39091 -22.799
-1.9706 -22.504
-2.54644 -22.2885
-3.0175 -22.6663
-3.44464 -22.0817
-3.74655 -20.8452
-3.94616 -20.3835
-3.71054 -21.1339
-3.85191 -20.5298
-4.16282 -19.6011
-4.5258 -18.6816
-4.61395 -18.0796
-4.96556 -18.1222
-5.59974 -18.2628
-6.19339 -18.5931
-6.81038 -18.8217
-7.40612 -18.7405
-7.96265 -18.5741
-8.54732 -18.4788
-9.16043 -18.3199
-9.77688 -18.2577
-10.3826 -18.1253
-10.9743 -17.7989
-11.5629 -17.4641
-12.1304 -17.3234
-12.1281 -17.6539
-12.1301 -17.801
-12.4546 -17.4242
-12.8097 -16.9711
-13.1894 -16.4995
-13.5562 -16.0105
-13.3579 -15.8034
-13.5111 -15.8027
-13.6026 -15.2222
-13.3128 -14.515
-12.1115 -13.5044
-10.0597 -12.3355
-17.8547 -11.7496
-16.6408 -11.1448
-15.6026 -10.5306
-14.5006 -9.88906
-13.3329 -9.15907
-12.7814 -8.56066
-12.0703 -7.81952
-11.8457 -7.1721
-11.7188 -6.49545
-11.5058 -5.83714
-11.3229 -5.17192
-11.0713 -4.51904
-10.7546 -3.87095
-10.3148 -3.18843
-9.90918 -2.5881
-9.51018 -1.98628
-9.12015 -1.38081
-8.79574 -0.761923
-8.36322 -0.165089
-7.9166 0.410538
-7.51909 0.99153
-7.17456 1.57427
-6.8627 2.17728
-6.59394 2.77831
-6.37748 3.39181
-6.12601 3.96891
-5.98414 3.98784
-5.70132 3.79813
-5.84642 4.23739
-5.41197 3.99988
-4.81272 3.63964
-4.24109 3.20596
-3.69183 2.6914
-3.14948 2.18329
-2.60654 1.73022
-2.06871 1.32933
-1.48737 1.04257
-0.866023 0.870176
-0.315649 0.619982
0.269428 0.466403
0.825527 0.294645
1.11663 0.16243
1.10202 0.147527
1.60781 0.0065671
2.25501 0.0307965
2.90219 0.0568332
3.55018 -0.0096571
4.17896 -0.123097
4.81304 -0.245135
5.44431 -0.327137
5.72817 -0.387159
5.76898 -0.461315
5.69956 -0.228654
5.62537 0.408764
5.54695 1.04417
5.50534 1.68375
5.44652 2.31991
5.35485 2.95186
5.28178 3.29351
4.96823 3.41532
4.96621 3.39418
4.96324 3.38774
4.9744 3.36937
4.97267 3.33864
4.98519 3.13201
5.00278 3.11381
5.00464 3.09053
4.98427 2.44616
4.95361 1.79744
4.8612 1.16398
4.73764 0.532472
4.55969 -0.0887411
4.49841 -0.258988
4.56589 -0.456499
4.59336 -0.498218
4.51559 -0.364475
3.67238 -0.445035
3.71892 -0.327952
3.86106 -0.453154
3.89796 -0.452865
4.0208 -0.526808
4.61714 -0.839638
5.23241 -1.03381
5.85854 -1.20728
6.12308 -1.27556
6.13051 -1.23991
6.13621 -1.32803
6.17644 -1.9274
6.19894 -2.55581
6.21932 -3.3555
6.21697 -3.63099
6.36042 -3.63015
6.38215 -3.64487
6.38453 -3.63673
6.38453 -3.63673
6.426 -3.59371
6.43033 -3.57154
6.44045 -3.55885
6.44525 -3.55343
6.44925 -3.52055
6.46004 -3.51522
6.5406 -3.26854
6.63803 -2.98341
6.55492 -2.64681
6.48777 -2.35704
6.60301 -2.21605
7.0494 -1.74664
7.47428 -1.30655
7.68084 -1.41766
7.61022 -1.19789
7.70216 -0.930906
8.14929 -1.27422
8.64172 -1.62908
9.14451 -2.01965
9.51099 -2.31684
9.34245 -2.7236
9.38998 -2.68634
9.93693 -2.28989
10.448 -1.87447
10.9406 -1.432
11.1142 -1.26196
10.8146 -1.14964
11.116 -0.406084
11.3615 -0.593582
11.4015 -0.621454
11.4979 -0.777862
11.9448 -1.23807
12.4514 -1.63593
12.9155 -2.07996
12.9357 -2.17567
12.7949 -2.16056
14.6839 -11.7183
14.4071 -11.7388
14.0717 -13.6712
14.3083 -13.5702
14.308 -13.57
13.2611 -11.5072
6.69762 -6.7689
6.58438 -6.86092
6.06539 -7.38643
5.54261 -7.89138
4.90909 -8.25943
4.25224 -8.5659
3.62125 -8.81793
4.1295 -9.14672
4.02746 -9.18225
4.18284 -9.56914
4.44785 -10.228
4.55743 -10.5538
4.33202 -10.6909
4.13313 -10.7
3.5463 -10.9613
2.86308 -11.2227
2.17177 -11.4712
1.48558 -11.7654
1.16592 -11.9204
0.829827 -11.9134
0.322722 -11.8805
0.331127 -11.8768
0.399529 -11.8435
0.404133 -11.8284
0.360315 -11.8211
0.370957 -11.8312
0.370957 -11.8312
0.171246 -11.7221
0.171246 -11.7221
0.208869 -11.7231
0.971691 -11.7237
1.71407 -11.7563
2.10726 -11.7901
2.08107 -11.7884
2.09335 -11.7972
1.88214 -12.3024
1.85951 -12.907
1.84534 -13.63
1.78032 -14.3506
1.74515 -15.0809
1.70397 -15.6152
1.7033 -15.6187
1.70681 -15.6031
1.73099 -15.5939
1.74606 -15.5829
2.85626 -14.881
2.86044 -14.8599
2.85993 -14.8449
2.78356 -14.7928
2.79772 -14.7625
2.96826 -14.0597
3.11679 -13.3424
3.21993 -12.6266
3.27545 -12.0988
3.31964 -12.0781
2.60121 -12.045
2.89934 -12.021
3.56291 -11.9942
4.26564 -11.9909
4.66225 -12.0173
4.67014 -12.1936
4.47072 -12.3523
4.44618 -12.8291
4.36642 -13.5487
4.26321 -14.149
4.23528 -14.1501
4.53068 -14.2344
5.19152 -14.3847
5.82028 -14.5569
6.47001 -14.7647
7.15135 -15.0065
7.80653 -15.295
8.30777 -15.5246
8.31642 -15.3563
8.33445 -15.3762
8.36761 -15.3577
8.36359 -15.3641
8.33155 -15.325
8.30755 -15.2673
8.33518 -15.2412
8.34847 -15.2442
8.36211 -15.2491
8.45022 -15.2494
8.44852 -15.228
8.42802 -14.8917
8.42802 -14.8917
7.95301 -14.7393
7.29534 -14.5701
6.63402 -14.3743
5.96427 -14.2134
5.29195 -14.0493
4.77534 -13.9561
4.93736 -14.2439
4.34269 -14.114
4.33327 -14.3792
4.28883 -15.0504
4.21528 -15.7308
4.20721 -16.4414
4.15982 -17.1828
4.08714 -17.9568
4.142 -18.6464
4.25652 -19.3114
4.09871 -20.1548
4.17319 -20.8304
4.16906 -21.6438
4.13287 -22.1795
4.32291 -22.1557
4.64233 -22.2281
5.36086 -22.3579
6.06409 -22.5843
6.75021 -22.8355
7.43323 -23.0428
7.82265 -23.1905
8.09106 -22.9959
8.40388 -22.9517
7.62933 -23.9416
7.52689 -23.9274
6.79089 -23.7834
6.07985 -23.6127
5.35682 -23.4884
4.62957 -23.3521
3.9815 -23.2348
3.75328 -23.1862
4.31424 -23.2563
4.25657 -23.7655
4.15462 -24.5599
3.99109 -25.3228
3.82927 -26.044
3.68634 -26.7821
3.56146 -27.5171
3.41826 -28.2418
2.96385 -29.1236
2.36571 -30.0173
1.98533 -30.8285
2.79038 -31.037
2.76405 -31.0854
2.79055 -31.5365
2.79056 -31.5365
3.21406 -31.6133
3.94216 -31.7539
4.61913 -31.9243
5.35912 -32.1427
6.08016 -32.4184
6.80058 -32.6647
7.56596 -32.8043
7.70841 -32.8344
8.00835 -33.1447
8.01204 -33.1282
8.04657 -33.2094
8.1252 -33.3047
8.13921 -33.3217
8.12625 -33.3533
8.02811 -33.458
8.01021 -33.4766
8.1742 -33.5491
7.99681 -33.5009
7.23317 -33.2276
6.48455 -32.9618
5.70683 -32.7665
4.9197 -32.6285
4.16565 -32.5077
4.06795 -32.293
4.06794 -32.2929
4.06937 -32.0494
3.80322 -32.0773
3.06215 -32.053
2.28084 -32.0183
1.53272 -31.9939
2.53974 -34.2295
1.70514 -33.4826
1.70485 -33.9745
1.85985 -34.4026
1.6884 -35.0723
1.67449 -35.5077
2.10222 -35.6365
2.2137 -35.6835
2.21396 -35.7324
3.24396 -37.5152
2.14269 -32.2253
1.83005 -33.1015
1.75779 -33.2138
1.48135 -32.376
1.15072 -31.5754
0.775102 -30.8144
0.360933 -30.0838
0.130666 -29.7333
-0.744224 -33.4471
-1.52095 -33.415
-2.28897 -33.4773
-3.06336 -33.635
-3.84232 -33.7877
-4.53256 -34.0526
-4.92773 -34.5658
-5.15891 -35.1716
-5.46031 -35.7448
-5.4515 -36.0781
-6.59027 -36.3084
-6.69289 -37.2123
-6.79358 -38.2353
-6.96202 -39.3623
-6.99965 -40.2714
-7.05761 -40.8508
-7.21743 -41.113
-7.11434 -41.275
-6.87759 -41.2997
-6.99066 -40.943
-7.23979 -40.0307
-7.38885 -39.0806
-7.61045 -38.1423
-7.74151 -37.2783
-7.85556 -36.7246
-7.89296 -36.7906
-7.99815 -36.678
-8.93528 -36.6044
-9.68382 -36.5226
-9.64802 -36.5139
-10.3035 -36.5833
-10.1599 -37.3252
-9.99146 -38.273
-10.0454 -39.2254
-10.1468 -40.1881
-10.2459 -41.0979
-10.379 -42.019
-10.2679 -41.4949
-10.1472 -41.0719
-10.2729 -41.118
-8.40674 -42.3001
-8.15771 -42.6546
-8.08986 -43.1245
-8.06794 -42.5635
-7.94396 -41.5877
-7.82965 -40.6121
-7.77906 -39.6797
-7.78994 -38.8804
-8.51846 -39.6964
-10.2907 -38.4499
-11.0918 -38.6688
-12.0495 -38.7484
-13.2954 -38.5567
-14.74 -38.0882
-15.5145 -38.0887
-16.8835 -37.8765
-18.1575 -37.7425
-19.2001 -37.7942
-19.8652 -38.1546
-20.2259 -38.539
-16.6923 -39.9193
-19.9496 -42.9526
-19.9288 -44.0066
-19.6068 -45.0149
-19.0178 -45.904
-18.5131 -46.7762
-18.423 -47.8516
-18.3906 -48.0941
-17.0033 -49.5021
-16.8285 -49.4143
-16.9835 -48.9133
-17.2618 -47.9917
-17.5433 -46.9818
-18.0182 -45.9856
-18.6166 -45.0508
-19.0217 -44.2226
-19.174 -45.1699
-19.855 -45.0719
-21.1515 -45.1497
-22.3467 -45.4072
-21.0073 -46.3327
-21.5615 -47.4947
-21.3316 -48.5404
-21.091 -49.4785
-20.8332 -50.4308
-20.5236 -51.3906
-20.2826 -52.3421
-20.1611 -52.7887
-20.3865 -51.9668
-20.4662 -51.5944
-18.5168 -50.5224
-18.66 -50.4907
-20.6467 -48.2035
-20.978 -47.0816
-21.0788 -46.8087
-21.369 -46.0996
-21.686 -45.6209
-22.2964 -45.2632
-22.9636 -45.312
-23.3076 -45.8328
-23.398 -45.6541
-23.908 -46.1107
-24.5055 -46.5572
-25.3194 -47.1001
-26.1647 -47.5991
-26.9508 -48.1057
-27.6772 -48.6382
-28.2152 -49.0437
-28.2298 -49.0354
-28.1995 -48.4883
-28.1757 -47.939
-29.2026 -47.8326
-29.1889 -47.8159
-29.1641 -47.7614
-28.7597 -47.2841
-28.055 -46.5451
-27.4365 -45.7457
-26.9294 -44.9731
-26.3333 -44.2648
-25.6915 -43.5096
-25.0883 -42.6848
-24.4936 -41.8369
-23.9894 -41.1891
-23.7877 -41.2623
-23.8353 -41.201
-23.9249 -41.1426
-23.9351 -41.0938
-25.0908 -38.0237
-24.8182 -37.9734
-25.5384 -38.2123
-26.3968 -38.3564
-27.3412 -38.4992
-28.2903 -38.6681
-29.2381 -38.7666
-30.4127 -38.8353
-31.3747 -38.8636
-32.3318 -38.8948
-33.3006 -38.9218
-33.222 -39.0124
-33.7904 -39.2015
-34.2629 -40.112
-33.7672 -40.9993
-33.2875 -40.8803
-32.3508 -40.5958
-31.4023 -40.3321
-30.4649 -40.0141
-29.5561 -39.6519
-28.6396 -39.2824
-28.4587 -39.2037
-28.2106 -42.0011
-28.4849 -41.1435
-28.7697 -40.1879
-28.8873 -40.4613
-28.9158 -40.4569
-29.9483 -40.5557
-31.0622 -40.5486
-32.0085 -40.6019
-34.3998 -39.4862
-34.4087 -39.4936
-34.474 -39.7611
-34.5339 -39.8004
-35.7255 -39.8505
-34.7067 -39.7802
-33.4543 -39.8776
-32.3062 -40.0579
-32.1652 -40.0816
-32.3561 -40.2179
-32.4686 -39.6647
-32.6863 -38.3715
-32.8559 -37.018
-32.9514 -35.6309
-33.1986 -33.7266
-33.7301 -32.5104
-34.7383 -32.1867
-34.6716 -29.5366
-34.9297 -27.9706
-35.0781 -26.8529
-37.4292 -32.1091
-36.3092 -33.3129
-37.411 -33.4105
-38.2251 -33.4888
-38.5267 -33.4064
-38.6682 -33.6217
-38.6616 -33.6804
-38.9838 -33.5442
-37.9289 -33.1003
-36.8304 -32.7009
-36.7135 -32.6569
-36.8372 -32.8138
-37.0638 -31.7688
-37.3402 -30.7936
-37.3679 -31.0337
-37.7893 -31.0877
-38.9386 -31.2955
-40.0731 -31.5594
-41.2183 -31.8057
-41.6346 -31.871
-41.2201 -32.2167
-41.5607 -31.7875
-42.2252 -30.8533
-42.4943 -30.4894
-42.6874 -31.0819
-43.584 -32.292
-44.1553 -32.5738
-43.472 -32.8636
-42.969 -33.6515
-42.2388 -34.2864
-41.2894 -35.0565
-40.7584 -35.3753
-39.6124 -35.2267
-38.1824 -35.1355
-33.0075 -33.7043
-42.7495 -33.9398
-42.1776 -32.5839
-41.3284 -30.186
-40.6655 -27.7206
-40.2888 -25.5632
-40.6765 -24.0609
-41.0517 -22.2608
-42.0687 -22.314
-43.157 -22.5158
-43.629 -21.1631
-43.8206 -18.8567
-43.9038 -18.4297
-44.2684 -18.2735
-45.6256 -18.2908
-47.043 -18.1092
-48.4046 -17.9639
-48.6418 -17.8153
-48.7946 -17.9961
-47.4763 -20.1949
-47.4307 -20.204
-48.3774 -20.3437
-48.8539 -20.4395
-48.378 -20.4391
-47.094 -20.5062
-45.8195 -20.568
-44.6582 -20.6328
-42.9126 -21.5027
-45.0753 -26.5188
-44.7472 -24.8624
-42.9824 -21.0563
-42.5642 -19.0864
-42.3304 -17.6476
-42.3757 -16.8372
-42.6067 -15.8098
-42.8174 -14.7629
-42.9784 -13.7547
-43.1377 -12.7696
-43.2043 -12.3219
-43.2137 -12.8476
-43.2551 -12.8444
-43.3127 -12.8896
-43.2974 -12.9537
-43.2611 -12.9712
-42.6543 -13.4907
-42.6156 -13.517
-42.5851 -13.5706
-42.483 -14.0041
-42.2801 -15.0053
-42.0358 -16.1129
-41.8237 -17.234
-41.5959 -18.361
-41.4139 -19.4919
-40.939 -18.791
-43.9871 -16.6947
-43.1763 -16.5139
-41.7496 -16.2465
-40.2245 -16.0893
-38.7319 -15.9128
-37.2807 -15.7896
-35.9061 -15.5911
-34.6471 -15.3849
-33.3887 -15.1817
-32.1233 -15.038
-31.113 -14.9306
-32.7534 -15.2269
-32.7908 -15.0333
-33.149 -13.7771
-33.4656 -12.5395
-33.7078 -11.3488
-34.04 -10.1831
-34.3519 -9.06313
-34.4463 -8.76455
-34.4475 -8.80607
-34.4908 -8.81434
-38.6314 -10.3756
-34.8459 -13.6721
-34.5905 -13.8927
-34.4771 -13.9337
-34.3849 -14.0104
-34.3052 -14.2124
-34.0461 -15.3548
-33.8547 -16.5019
-33.7694 -16.9356
-33.0214 -18.0169
-32.5545 -18.8123
-32.595 -18.7552
-32.1177 -19.9847
-31.9658 -21.2874
-31.9472 -22.0648
-31.9269 -23.2787
-31.7607 -23.4287
-31.6746 -23.4525
-32.1446 -24.4406
-31.7843 -25.4469
-32.526 -25.518
-33.7699 -25.6322
-35.0605 -25.6544
-36.3605 -25.7441
-37.5687 -26.234
-38.575 -26.9999
-35.5568 -26.0855
-35.2121 -26.5523
-35.3344 -28.4885
-35.9464 -30.9907
-36.4883 -33.5554
-36.3756 -34.8581
-36.0397 -35.9596
-35.7479 -36.8758
-37.7005 -40.8039
-36.8109 -40.3593
-36.0516 -38.54
-35.2192 -37.4865
-34.0537 -39.5168
-32.4936 -43.3243
-31.7112 -39.314
-30.947 -39.5033
-30.2736 -40.0434
-29.3764 -38.5027
-28.3278 -36.2831
-27.442 -35.0383
-23.9462 -43.6669
-22.1764 -46.9068
-21.4438 -48.6664
-20.657 -49.5625
-19.887 -49.117
-19.0815 -47.9148
-18.2076 -46.6107
-17.4421 -46.4247
-16.7154 -46.2741
-20.9991 -32.5217
-18.3795 -36.8494
-15.5322 -41.6452
-13.0575 -45.7202
-11.2702 -48.0938
-10.5527 -47.8165
-10.7288 -44.141
-11.1701 -38.0264
-11.3333 -31.1423
-11.2028 -26.3541
-1.51014 -51.5031
-10.0468 -49.9162
-7.8621 -48.8319
-4.72176 -47.7357
-1.84193 -46.8496
-0.248075 -45.6328
0.05844 -44.4852
-0.54415 -43.3814
-0.287763 -42.2294
2.43886 -40.9683
3.58423 -40.2314
0.720192 -39.7169
3.97437 -37.9995
7.13053 -35.9911
11.3244 -34.07
12.8884 -32.9553
10.1802 -31.7325
6.82364 -30.4118
6.96856 -29.4663
9.48564 -28.1597
12.9098 -27.056
14.8945 -26.1665
14.4344 -25.1896
12.083 -23.9542
9.63677 -22.6121
9.0268 -21.4608
4.50505 -19.7768
2.25298 -18.5841
4.32108 -17.399
9.30839 -15.7197
13.1553 -14.3913
13.9072 -13.9357
11.4899 -14.9209
9.56283 -17.6159
9.72791 -18.1807
9.7279 -18.1807
9.20921 -17.6543
8.32515 -16.7822
7.64059 -15.7813
7.02154 -14.6884
6.35247 -13.6427
5.66898 -12.6201
4.48501 -12.2462
3.34731 -13.0944
2.2106 -13.8197
0.970485 -13.0776
-0.371475 -11.193
-1.85198 -8.39034
-2.98079 -8.50499
-3.987 -9.41237
-5.12288 -9.5386
-6.67171 -7.98182
-8.22397 -6.33931
-9.55349 -5.56467
-10.8184 -4.56865
-11.9928 -3.90823
-13.1747 -3.28126
-14.2098 -3.19027
-15.3131 -2.92636
-16.4229 -2.47333
-17.1926 -1.65843
-17.9815 -1.024
-18.7685 -0.454185
-19.2312 -0.162318
-17.2631 -1.33098
-18.171 -1.55824
-19.0918 -1.71933
-20.0116 -1.72305
-20.9595 -1.66238
-20.9062 -3.59041
-18.8573 -7.4129
-18.3608 -9.45255
-20.8575 -9.03085
-28.2943 -5.27962
-27.9446 -5.2194
-28.6838 -5.64003
-29.6467 -6.7607
-29.6164 -7.80013
-31.2814 -9.09365
-31.2231 -10.1309
-31.0722 -11.1718
-31.3915 -12.3895
-32.326 -13.0988
-33.2084 -13.6956
-34.0383 -14.3862
-34.8639 -15.0816
-35.6562 -15.7897
-35.4021 -15.8493
-23.4547 -14.5635
-24.1851 -15.2988
-24.8739 -16.0812
-25.033 -16.2902
-34.873 -22.7498
-34.6753 -23.0854
-34.0397 -23.8186
-33.4225 -24.5776
-32.8303 -25.4609
-32.259 -26.4051
-31.7061 -27.4048
-31.5793 -27.674
-32.7981 -29.0378
-19.6862 -32.8736
-20.3961 -33.123
-21.51 -33.726
-22.7617 -34.29
-31.6872 -35.558
-30.7994 -35.517
-30.4105 -38.3945
-29.3885 -39.0035
-29.6727 -39.5647
-30.2399 -42.258
-29.8335 -41.3852
-28.6806 -40.572
-27.9356 -40.1847
-26.6114 -39.4442
-25.2729 -38.6441
-23.909 -37.8544
-22.6506 -37.1217
-21.8579 -36.6377
-24.6724 -37.028
-24.7303 -36.0804
-24.7898 -36.0047
-24.9586 -36.0213
-26.7204 -40.6047
-25.9677 -41.4815
-25.2191 -42.2459
-24.72 -42.6126
-24.7022 -42.6202
-24.6372 -42.5381
-24.7639 -42.8778
-24.9613 -43.5669
-25.1321 -44.2302
-25.1447 -44.2494
-25.1214 -44.224
-25.1199 -44.0776
-25.1059 -44.0331
-24.8756 -44.6311
-24.666 -45.1987
-25.0275 -45.3546
-25.1822 -45.9751
-25.3426 -46.6482
-25.34 -46.7161
-25.3178 -46.6914
-24.6674 -46.8767
-24.065 -46.9212
-24.256 -44.3909
-23.7323 -44.5583
-23.4884 -44.5851
-23.4173 -44.7165
-22.5363 -44.6941
-23.2388 -45.3224
-23.8898 -45.7766
-24.5731 -46.2297
-25.2051 -46.4663
-25.2912 -46.5487
-25.2744 -46.4989
-25.3072 -45.8709
-25.2831 -45.1309
-25.211 -44.4347
-25.3066 -44.4007
-25.288 -44.3777
-25.2476 -44.4045
-24.8378 -44.5615
-24.1187 -44.873
-23.4784 -45.2038
-23.4602 -45.1839
-23.152 -45.1401
-23.1604 -45.0896
-22.4751 -45.2618
-21.7681 -45.4181
-21.0828 -45.5642
-20.561 -45.6606
-20.5704 -45.6283
-19.9278 -45.5032
-19.2645 -45.4331
-18.6408 -45.3691
-18.0751 -45.3937
-17.5074 -45.2502
-16.912 -45.0076
-16.333 -44.7905
-15.8015 -44.5483
-15.2273 -44.2433
-15.143 -44.1917
-14.895 -41.2056
-13.64 -39.1896
-13.1412 -39.5549
-12.9636 -39.6764
-11.4677 -39.5775
-11.2537 -40.1509
-10.9612 -40.6895
-10.5933 -41.2749
-10.5325 -41.3526
0.328964 -46.3366
-0.0612203 -44.1735
0.0434015 -44.1752
-0.480841 -43.7895
-1.05095 -43.1169
-1.42677 -42.4844
-1.76607 -41.8878
-1.93191 -41.6148
-1.81582 -41.6561
-1.72047 -40.7088
-1.45475 -40.4281
-0.857984 -39.8496
-0.380006 -39.3572
-0.421909 -40.04
-1.71872 -42.5867
-1.63308 -42.974
-1.62988 -43.6225
-1.85549 -44.3146
-2.35898 -45.0608
-3.14459 -45.8484
-4.13672 -46.7755
-5.31324 -47.7657
-2.09484 -46.7549
-2.32988 -47.4175
-0.760426 -49.4263
-1.70186 -49.8631
-4.38514 -53.0368
-4.95785 -52.7798
-6.14016 -52.2424
-7.29643 -51.5871
-8.49331 -50.9423
-9.79564 -50.166
-12.4896 -47.4251
-15.2176 -44.0949
-16.0933 -45.06
-16.68 -47.1558
-17.467 -48.3194
-18.6103 -48.2838
-19.4106 -47.6598
-20.3665 -46.2134
-17.5533 -44.1798
-17.2918 -43.931
-17.1969 -44.0109
-16.2383 -44.7864
-15.1665 -45.6503
-14.1397 -46.5138
-13.0853 -47.4997
-12.0209 -48.5655
-11.028 -49.7319
-10.0269 -50.9633
-9.07589 -52.2365
-8.12654 -53.5667
-7.19241 -54.9267
-6.77955 -55.514
-8.92811 -48.7538
-7.66349 -48.438
-6.18748 -47.4611
-4.7442 -46.3746
-3.35035 -45.2929
-2.05006 -44.1924
-0.828783 -43.0599
0.223071 -42.0275
1.11331 -41.0636
1.46635 -40.6125
-11.7929 -47.8823
-11.8954 -47.8846
-12.8192 -47.4232
-13.645 -46.9971
-14.5153 -46.6375
-15.3636 -46.3785
-16.1358 -46.0464
-16.9118 -45.816
-17.6775 -45.7308
-18.433 -45.5832
-19.1664 -45.5091
-19.8931 -45.5031
-20.5722 -45.5415
-21.2405 -45.4276
-21.8743 -45.325
-22.5388 -45.2491
-23.2266 -45.1094
-23.9344 -44.9842
-24.6464 -44.8666
-25.3669 -44.7436
-26.1199 -44.5106
-27.065 -43.6489
-28.3103 -42.2513
-29.8843 -40.3058
-30.8808 -38.6332
-32.1879 -37.0319
-33.5562 -35.5249
-34.5899 -34.7415
-35.681 -33.8166
-36.7178 -33.0492
-36.7138 -33.0506
-36.7183 -33.0204
-36.7081 -32.9957
-35.8057 -32.0918
-34.8125 -31.1413
-34.6444 -30.9785
-34.6444 -30.9785
