1.94259e-16 1.56612e-16 -1.5918e-17
4.15448 -0.0665288 0.000389663
8.3126 -0.178942 -0.0132907
12.6007 -0.186437 -0.0906934
16.7872 -0.106557 -0.0660991
20.9349 0.0292122 -0.0921164
25.4522 0.117642 -0.141176
29.5253 0.160768 -0.219993
34.0052 0.285303 -0.33139
38.2915 0.819902 -0.435743
42.177 2.33427 -0.5831
45.6312 4.91826 -0.671492
48.1117 8.17442 -0.726485
50.0083 12.0577 -0.794347
51.527 15.8014 -0.858977
52.7561 19.6481 -0.919864
52.281 23.9525 -0.945778
50.2003 27.379 -0.84087
47.0964 30.234 -0.765678
43.4684 32.6199 -0.691264
39.8167 34.8072 -0.611358
35.7791 37.0613 -0.542706
32.2066 38.9672 -0.431932
28.4004 40.8807 -0.353774
24.2326 42.8345 -0.280308
20.1482 44.5792 -0.214419
15.716 46.289 -0.144976
11.1354 47.9082 -0.0932116
7.22698 49.1517 -0.0568467
2.3965 50.4787 0.00409989
-2.4122 51.6267 0.0334505
-7.05438 52.5857 0.0717079
-11.8674 53.4689 0.080193
-16.5009 54.2069 0.0753047
-21.0297 54.7867 0.0479712
-25.5143 55.2445 0.0101945
-29.7935 55.5565 -0.0558497
-34.0379 55.7216 -0.0952062
-38.7506 55.7081 -0.201119
-42.9868 55.532 -0.285145
-47.4346 55.1912 -0.332267
-51.5535 54.6843 -0.44868
-55.6332 54.2065 -0.541031
-59.7632 54.4471 -0.679041
-63.3415 56.2335 -0.885941
-65.7846 59.7108 -0.895502
-67.6016 63.5448 -1.15685
-69.1397 67.6818 -1.38958
-70.0955 71.6275 -1.67841
-70.6936 75.8122 -1.73505
-70.6592 79.904 -1.58982
-69.9901 84.1318 -1.65347
-68.402 88.2384 -1.89225
-65.9875 91.5051 -2.08711
-63.1149 94.6652 -2.24908
-60.1903 97.9818 -2.4148
-57.3877 101.376 -2.60313
-54.527 104.951 -2.8377
-51.664 108.619 -3.04146
-48.808 112.431 -3.2636
-46.4535 115.64 -3.47615
-43.787 119.418 -3.74936
-41.2093 123.219 -3.99799
-38.7052 126.915 -4.19745
-36.2544 130.489 -4.36827
-33.6868 134.232 -4.53745
-31.0735 138.168 -4.70215
-28.5861 142.05 -4.8639
-26.1898 145.961 -5.01478
-24.0227 149.409 -5.16262
-21.7669 153.045 -5.30145
-19.6801 156.947 -5.45075
-18.2717 161.079 -5.66211
-18.3484 165.17 -5.92066
-20.1756 169.053 -6.22675
-23.2174 172.025 -6.29566
-26.6887 174.125 -6.35047
-29.8752 176.742 -6.58835
-31.0986 180.845 -6.756
-29.7221 184.818 -6.87962
-27.3761 188.298 -7.03391
-25.0595 191.552 -7.22347
-22.6811 194.975 -7.40806
-20.3617 198.479 -7.60708
-18.2295 201.989 -7.79082
-16.811 206.089 -7.98249
-17.0957 210.23 -8.15589
-19.2517 213.883 -8.30102
-22.5481 216.417 -8.34337
-26.0241 218.396 -8.508
-29.6806 220.605 -8.69467
-33.3054 223.123 -8.84012
-36.5376 225.521 -8.97479
-39.9081 227.996 -9.09383
-43.3509 230.429 -9.21515
-47.0029 232.867 -9.3403
-50.7352 235.243 -9.57969
-54.4549 237.584 -9.7742
-58.0528 239.843 -9.9503
-61.696 242.119 -10.1461
-65.4492 244.466 -10.3482
-68.8533 246.572 -10.5329
-72.5952 248.652 -10.6715
-76.7219 250.093 -10.8573
-80.8744 250.296 -11.0147
-84.9114 249.149 -11.0362
-88.2122 246.746 -10.9392
-90.4121 243.223 -10.7474
-90.4906 239.03 -10.4572
-88.5161 235.432 -10.1385
-85.3231 232.621 -9.862
-81.7253 230.212 -9.68293
-78.0494 227.987 -9.54379
-74.0887 225.626 -9.37925
-70.6172 223.536 -9.22306
-67.0844 221.422 -9.05914
-63.4344 219.208 -8.88745
-59.9337 217.091 -8.68582
-56.3434 214.895 -8.45187
-52.9634 212.732 -8.34593
-49.137 210.279 -8.22923
-45.4211 207.889 -8.09516
-41.7142 205.573 -7.95207
-38.3197 203.431 -7.811
-34.6761 201.132 -7.5916
-31.3332 198.715 -7.49968
-28.7429 195.553 -7.39959
-28.0126 191.506 -7.19257
-29.3153 187.749 -6.98918
-31.461 184.429 -6.8754
-33.8889 180.855 -6.77706
-36.1589 177.348 -6.67037
-38.3923 173.703 -6.5658
-40.7068 170.073 -6.4441
-42.9819 166.546 -6.28243
-45.1097 163.135 -6.12209
-47.2098 159.6 -5.945
-49.3847 156.137 -5.77901
-52.3421 153.143 -5.72227
-56.0808 151.658 -5.72785
-60.0628 151.804 -5.75181
-64.1858 153.21 -5.7982
-68.0801 155.157 -5.99986
-71.6057 157.169 -6.13545
-75.2329 159.328 -6.24741
-78.9341 161.56 -6.36771
-82.6628 163.847 -6.47759
-86.4508 166.195 -6.59097
-89.8151 168.321 -6.79147
-93.2022 170.495 -7.00669
-97.0137 172.961 -7.2101
-100.679 175.369 -7.37818
-104.165 177.69 -7.52731
-107.821 180.156 -7.69602
-111.131 182.384 -7.81794
-114.555 184.566 -7.94144
-118.649 186.219 -8.16236
-123.028 186.237 -8.30939
-126.927 184.338 -8.38611
-129.344 181.059 -8.3298
-130.063 176.661 -8.11422
-129.126 172.66 -7.8644
-126.802 169.004 -7.59709
-123.73 166.206 -7.38346
-120.094 163.909 -7.2896
-116.103 161.814 -7.14246
-112.602 159.85 -6.99698
-109.085 157.796 -6.84917
-105.417 155.531 -6.67995
-101.903 153.265 -6.48813
-98.3511 150.903 -6.26114
-94.6976 148.436 -6.11619
-91.1517 146.002 -6.02644
-87.5855 143.54 -5.88625
-84.0773 141.13 -5.75205
-80.7897 138.871 -5.59773
-77.064 136.59 -5.43569
-73.03 135.047 -5.2643
-68.9616 134.547 -5.26174
-64.8173 135.14 -5.27302
-60.9753 136.987 -5.34748
-57.8805 139.87 -5.46122
-55.5041 143.172 -5.52913
-53.2157 146.67 -5.59713
-51.0386 150.113 -5.65005
-48.7182 153.777 -5.71837
-46.3293 157.521 -5.87352
-44.1205 160.967 -6.02243
-41.9669 164.342 -6.17382
-39.794 167.745 -6.32328
-37.724 171.179 -6.47807
-36.6108 175.044 -6.60642
-37.1752 179.041 -6.73218
-39.4052 182.494 -6.81801
-42.6336 185.213 -6.76644
-46.0995 187.491 -6.635
-49.8112 189.772 -6.54132
-53.256 191.893 -6.49282
-56.6746 194.014 -6.42638
-60.2396 196.211 -6.37217
-63.8081 198.416 -6.31001
-67.3081 200.591 -6.2784
-70.9988 202.855 -6.24631
-74.5122 205.006 -6.2137
-78.0642 207.179 -6.19694
-81.5316 209.293 -6.15921
-85.2903 211.548 -6.13582
-88.8068 213.624 -6.11271
-92.3348 215.777 -6.09157
-95.6466 218.236 -6.1907
-98.1799 221.695 -6.47666
-98.7279 226.048 -6.70444
-97.0067 229.783 -6.85194
-93.395 232.203 -6.95261
-89.3518 232.505 -6.88826
-85.544 231.304 -6.70307
-81.7434 229.219 -6.5774
-78.3058 227.127 -6.46896
-74.6862 224.92 -6.30812
-70.9531 222.644 -6.16289
-67.3356 220.442 -5.98245
-63.7638 218.296 -5.80608
-60.2289 216.192 -5.6334
-56.6652 214.092 -5.47346
-53.1551 212.022 -5.37017
-49.655 209.923 -5.27658
-45.8076 207.53 -5.19011
-42.3152 205.173 -5.07098
-39.0336 202.742 -4.91336
-35.4777 200.195 -4.76095
-31.7998 198.228 -4.68612
-27.7049 197.476 -4.72729
-23.4532 198.521 -4.79092
-20.1243 201.118 -4.91157
-18.1596 204.789 -5.07775
-17.7865 208.938 -5.28934
-19.1828 213.032 -5.4751
-21.787 216.048 -5.55302
-24.992 218.422 -5.67506
-28.5622 220.66 -5.81397
-32.2241 222.839 -5.93052
-35.9394 225.005 -6.03815
-39.6408 227.135 -6.14614
-43.3809 229.32 -6.2588
-47.1648 231.553 -6.3871
-50.8892 233.792 -6.55052
-54.7052 236.084 -6.73467
-58.4788 238.39 -6.94717
-62.174 240.666 -7.09931
-65.8193 242.959 -7.20217
-69.2776 245.198 -7.3306
-72.8045 247.527 -7.46688
-76.3171 249.529 -7.65996
-80.5086 250.568 -7.82607
-84.6429 249.879 -7.84054
-88.1078 247.497 -7.75155
-90.5015 243.962 -7.6151
-92.4771 240.401 -7.44107
-94.6402 236.574 -7.25489
-96.9451 232.814 -7.06544
-99.2406 229.344 -6.87907
-101.81 225.712 -6.77694
-104.438 222.118 -6.67428
-107.046 218.473 -6.55561
-109.523 214.944 -6.43906
-111.936 211.425 -6.33297
-114.296 207.825 -6.20565
-116.48 204.322 -6.0718
-118.674 200.75 -5.93255
-120.93 197.202 -5.79572
-123.207 193.64 -5.74684
-125.414 190.256 -5.67815
-127.624 186.873 -5.60549
-129.747 183.293 -5.52152
-131.091 179.392 -5.40007
-131.033 175.309 -5.22988
-129.469 171.412 -5.02642
-126.603 168.316 -4.75347
-123.142 166.019 -4.56454
-119.399 163.892 -4.41621
-115.573 161.681 -4.26661
-111.877 159.463 -4.13306
-108.149 157.196 -3.95768
-104.449 154.916 -3.75098
-100.87 152.713 -3.54233
-97.2603 150.462 -3.35905
-93.6784 148.199 -3.25049
-90.0486 145.912 -3.15521
-86.2974 143.439 -3.02996
-82.7418 140.976 -2.89019
-79.3763 138.577 -2.74176
-76.0688 136.346 -2.59702
-72.1857 134.423 -2.51627
-67.9525 133.451 -2.48643
-63.8984 133.787 -2.46344
-60.0244 135.585 -2.49292
-56.9704 138.601 -2.57254
-55.4142 142.414 -2.67664
-55.9515 146.56 -2.79684
-58.3848 149.762 -2.89136
-61.9088 151.997 -2.93172
-65.5759 153.757 -3.03992
-69.5461 155.75 -3.20476
-73.1269 157.705 -3.32674
-76.7615 159.842 -3.40834
-80.3547 162.021 -3.50738
-84.0207 164.279 -3.60848
-87.6873 166.534 -3.70875
-91.3714 168.8 -3.89943
-95.0554 171.069 -4.11473
-98.8374 173.395 -4.33038
-102.426 175.618 -4.49668
-105.997 177.816 -4.63336
-109.509 179.993 -4.7781
-112.934 182.18 -4.90511
-116.27 184.756 -5.0719
-118.832 188.064 -5.34019
-120.09 191.957 -5.56612
-119.843 195.92 -5.70827
-117.594 199.477 -5.82492
-113.798 201.372 -5.8435
-109.693 201.28 -5.73259
-106.015 199.778 -5.50826
-102.488 197.459 -5.16811
-99.275 195.118 -4.78792
-95.8878 192.743 -4.37773
-92.2758 190.305 -3.98773
-88.6223 187.943 -3.62361
-84.8868 185.605 -3.26641
-81.0881 183.29 -2.86411
-77.6784 181.206 -2.51501
-73.881 178.901 -2.16415
-70.0891 176.635 -1.83351
-66.2325 174.425 -1.50864
-62.583 172.424 -1.14729
-58.8214 170.441 -0.806524
-55.2185 168.335 -0.43225
-51.9502 165.71 -0.278982
-49.677 162.227 -0.128224
-49.0027 158.252 0.057706
-50.2111 154.201 0.249182
-53.3501 151.296 0.269617
-57.2657 150.44 0.230877
-61.1166 151.397 0.17633
-64.8808 153.511 0.0944087
-68.2312 155.824 -0.104788
-71.7931 158.371 -0.339917
-75.2749 160.802 -0.489286
-78.9208 163.261 -0.613444
-82.5117 165.608 -0.729735
-86.1828 167.995 -0.890763
-89.7687 170.289 -1.10813
-93.3446 172.522 -1.33016
-97.0274 174.801 -1.53427
-100.882 177.138 -1.74695
-104.59 179.348 -1.89375
-108.182 181.44 -2.07578
-111.75 183.547 -2.22029
-115.348 185.547 -2.35654
-119.49 186.966 -2.62923
-123.925 186.785 -2.80376
-127.796 184.978 -2.86162
-130.495 181.805 -2.79655
-131.578 177.747 -2.66075
-130.83 173.474 -2.45851
-128.452 169.863 -2.18432
-125.176 167.004 -1.88513
-121.749 164.738 -1.74568
-118.09 162.571 -1.60024
-114.292 160.419 -1.40663
-110.821 158.449 -1.24501
-107.061 156.204 -1.00286
-103.478 153.938 -0.796157
-99.8568 151.533 -0.601399
-96.3423 149.183 -0.405272
-92.8292 146.81 -0.234595
-89.2814 144.428 -0.0950469
-85.8757 142.131 0.0389755
-82.5663 139.876 0.187104
-79.1056 137.507 0.372275
-75.6603 135.312 0.556251
-71.9144 133.605 0.634283
-67.5255 133.09 0.674099
-63.6343 134.176 0.70018
-60.1697 136.718 0.666482
-57.5229 139.926 0.567445
-55.2944 143.434 0.475504
-53.0721 147.058 0.388586
-50.8317 150.555 0.312137
-48.5473 154.042 0.270208
-46.2167 157.555 0.0832658
-43.8543 161.116 -0.0671202
-41.523 164.644 -0.208542
-39.1944 168.189 -0.341688
-36.9026 171.716 -0.485236
-34.6135 175.333 -0.633279
-32.3961 178.941 -0.758167
-30.2105 182.566 -0.890598
-28.0667 186.121 -0.998756
-25.9652 189.605 -1.21431
-23.7331 193.168 -1.40005
-21.5179 196.54 -1.56244
-19.2183 200.178 -1.72949
-17.57 204.126 -1.94207
-17.1859 208.514 -2.19027
-18.1307 212.413 -2.38797
-20.3068 215.845 -2.54169
-23.5167 218.52 -2.63912
-27.2841 220.681 -2.77872
-31.1222 222.725 -2.9531
-34.9489 224.879 -3.08388
-38.7152 227.124 -3.20972
-42.43 229.369 -3.33593
-45.9787 231.529 -3.47732
-49.3779 233.621 -3.66373
-53.055 235.907 -3.8493
-56.7732 238.247 -4.05519
-60.4023 240.559 -4.23148
-64.0476 242.999 -4.40827
-67.3565 245.276 -4.57425
-70.8581 247.722 -4.73309
-74.4772 249.876 -4.8833
-78.4486 251.034 -5.09228
-82.6831 250.824 -5.17865
-86.4881 249.235 -5.14954
-89.4893 245.982 -5.00204
-90.4165 241.78 -4.78289
-89.413 237.732 -4.5191
-86.921 234.151 -4.21044
-83.8779 231.362 -3.9324
-80.2599 228.793 -3.77843
-76.7969 226.47 -3.65574
-73.2224 224.131 -3.50955
-69.5476 221.763 -3.31835
-65.8021 219.401 -3.05898
-62.1489 217.132 -2.86559
-58.5801 214.931 -2.69035
-54.9826 212.737 -2.54666
-51.371 210.559 -2.39373
-47.6915 208.345 -2.2757
-44.1752 206.266 -2.17597
-40.6637 204.234 -2.03625
-37.0423 202.055 -1.85155
-33.752 199.752 -1.65442
-30.7371 196.808 -1.56815
-28.8363 193.112 -1.39152
-28.5853 188.844 -1.15562
-30.4317 185.125 -0.97507
-33.9898 182.834 -0.916409
-38.2829 182.514 -0.931028
-42.034 183.937 -1.00596
-45.5633 186.187 -0.989668
-49.0745 188.69 -0.922025
-52.5487 191.091 -0.880189
-56.1003 193.549 -0.832485
-59.5773 195.921 -0.806327
-62.9534 198.218 -0.784531
-66.6281 200.662 -0.767389
-70.4478 203.142 -0.725084
-73.9089 205.356 -0.739521
-77.4294 207.579 -0.7274
-80.8929 209.739 -0.677726
-84.7653 212.07 -0.634131
-88.372 214.304 -0.604642
-91.8616 216.724 -0.585545
-94.8314 219.558 -0.71779
-96.966 222.965 -0.967838
-97.8115 227.115 -1.23003
-96.5945 230.951 -1.42169
-93.5435 233.694 -1.55931
-89.4155 234.378 -1.52611
-85.567 233.061 -1.32123
-81.9515 230.632 -1.13752
-78.6268 227.985 -0.973585
-75.1904 225.162 -0.758553
-71.7215 222.285 -0.551504
-68.1791 219.477 -0.315601
-64.5975 216.779 -0.0854095
-61.0596 214.263 0.159665
-57.3655 211.78 0.390596
-53.8862 209.556 0.538308
-50.4957 207.384 0.670445
-46.9031 205.015 0.815245
-43.3598 202.61 1.01024
-39.863 200.235 1.2015
-36.4273 197.927 1.3924
-32.8899 195.691 1.4997
-29.2384 193.87 1.59946
-25.0432 193.302 1.66001
-21.0933 194.63 1.60204
-18.2446 197.671 1.49033
-16.8105 201.845 1.28254
-16.6111 206.234 1.00717
-17.5216 210.212 0.761538
-19.4962 213.732 0.57567
-22.357 216.604 0.447097
-25.7273 219.041 0.227154
-29.3786 221.311 0.0225428
-32.8392 223.313 -0.101627
-36.8059 225.51 -0.238512
-40.4927 227.511 -0.389561
-44.1687 229.486 -0.530327
-48.1104 231.608 -0.674135
-51.9231 233.682 -0.865512
-55.6871 235.747 -1.10749
-59.231 237.737 -1.31744
-63.1893 239.988 -1.51836
-66.9413 242.172 -1.65145
-70.6217 244.332 -1.79495
-74.3054 246.375 -1.91054
-78.0711 247.995 -2.11603
-82.1829 248.806 -2.27911
-86.3298 248.444 -2.33918
-90.268 246.661 -2.31045
-93.4731 243.695 -2.21941
-96.0001 239.997 -2.0408
-98.1415 236.077 -1.81506
-100.203 232.229 -1.57055
-102.42 228.261 -1.42841
-104.448 224.797 -1.30902
-106.604 221.262 -1.16437
-108.785 217.792 -1.0324
-111.028 214.365 -0.866249
-113.375 210.833 -0.749996
-115.711 207.347 -0.603116
-118.002 203.945 -0.440193
-120.441 200.23 -0.261007
-122.78 196.659 -0.154381
-125.078 193.057 -0.0689577
-127.281 189.385 0.0393412
-129.281 185.748 0.165711
-130.903 181.905 0.331419
-131.595 177.762 0.512343
-131.127 173.644 0.735743
-129.207 169.799 1.00972
-126.069 166.765 1.2983
-122.176 164.297 1.47625
-118.616 162.288 1.62746
-114.965 160.303 1.79794
-111.218 158.268 1.94362
-107.472 156.221 2.16143
-103.808 154.199 2.35309
-100.123 152.149 2.56711
-96.5135 150.091 2.79284
-92.8751 147.974 2.91732
-89.2274 145.814 3.04028
-85.5792 143.596 3.17685
-82.1438 141.447 3.33758
-78.4332 139.045 3.56045
-74.9202 136.966 3.74125
-71.0635 135.375 3.84825
-66.6653 134.752 3.90122
-62.5537 135.715 3.93724
-59.2238 138.53 3.85502
-57.8777 142.391 3.72823
-58.5114 146.404 3.53791
-60.9477 149.775 3.38982
-64.5827 152.277 3.28927
-68.3553 154.263 3.0702
-71.9344 156.142 2.84436
-75.5235 158.105 2.6933
-79.1594 160.178 2.57956
-82.8751 162.405 2.43032
-86.5094 164.684 2.25598
-90.1956 167.011 2.04679
-93.9803 169.386 1.83183
-97.6846 171.657 1.61772
-101.383 173.869 1.37908
-104.923 175.926 1.2013
-108.707 178.065 1.06141
-112.228 180.201 0.943105
-115.443 182.541 0.817237
-118.331 185.685 0.522277
-120.137 189.618 0.235729
-120.605 193.596 0.0384569
-119.839 197.561 -0.1131
-117.973 201.33 -0.296926
-115.523 204.987 -0.458373
-113.218 208.302 -0.600393
-110.923 211.605 -0.729686
-108.458 215.263 -0.876474
-106.227 218.578 -1.00336
-103.848 222.221 -1.14218
-101.512 225.891 -1.26665
-99.2197 229.192 -1.36527
-96.2412 231.945 -1.47807
-92.6005 233.586 -1.53801
-88.5295 233.851 -1.46075
-84.5951 232.742 -1.25993
-80.663 230.562 -1.1105
-77.3021 228.198 -0.990139
-74.0984 225.9 -0.804178
-70.5661 223.391 -0.626508
-66.9125 220.841 -0.391781
-63.4133 218.44 -0.180395
-59.856 216.058 0.0599014
-56.3673 213.767 0.273481
-52.8693 211.496 0.422241
-49.4556 209.27 0.551879
-45.7284 206.825 0.710709
-42.1613 204.508 0.878429
-38.7801 202.291 1.07818
-35.334 199.72 1.29584
-32.4096 196.659 1.44886
-30.5274 192.824 1.65545
-30.026 188.573 1.91313
-30.9878 184.316 2.11254
-32.7572 180.683 2.24548
-34.8944 177.075 2.38579
-37.2258 173.408 2.5373
-39.6554 169.703 2.70966
-42.0953 166.04 2.86111
-44.5618 162.339 3.03009
-46.901 158.79 3.19383
-49.1781 155.327 3.38356
-51.5178 151.686 3.47742
-53.8196 148.097 3.56979
-56.1345 144.553 3.66954
-58.6231 141.229 3.76927
-61.6836 138.405 3.83263
-65.4478 136.563 3.84154
-69.5594 136.005 3.82626
-73.8964 136.9 3.78145
-77.5338 138.682 3.58978
-81.138 140.961 3.37863
-84.9489 143.453 3.19649
-88.6835 145.897 3.06497
-91.9897 148.059 2.92207
-95.3282 150.24 2.78006
-99.0011 152.606 2.59099
-102.374 154.753 2.40361
-106.082 157.085 2.16254
-109.753 159.343 1.90644
-113.322 161.496 1.73292
-116.784 163.549 1.61271
-120.529 165.68 1.45425
-123.889 167.862 1.29945
-126.759 170.868 1.03238
-128.481 174.87 0.743263
-128.607 179.212 0.519492
-127.397 183.091 0.354988
-125.233 186.93 0.216829
-123.053 190.298 0.11599
-120.921 193.742 0.0312345
-118.912 197.209 -0.0613455
-116.904 200.614 -0.229111
-114.816 204.041 -0.384047
-112.603 207.564 -0.5423
-110.413 211.014 -0.682226
-108.17 214.569 -0.818561
-105.919 218.128 -0.967553
-103.7 221.659 -1.10258
-101.515 225.168 -1.23112
-99.4262 228.55 -1.34786
-97.3022 232.005 -1.51
-95.2169 235.415 -1.69458
-92.8537 239.19 -1.89329
-90.436 242.76 -2.0696
-87.7617 246.001 -2.20081
-84.217 248.41 -2.28015
-80.1081 249.079 -2.23842
-75.9384 247.913 -2.04745
-72.2055 245.97 -1.88388
-68.7481 243.993 -1.75521
-65.0761 241.855 -1.57102
-61.2973 239.618 -1.44108
-57.6307 237.428 -1.25246
-53.9084 235.183 -1.04525
-49.997 232.797 -0.788666
-46.2078 230.496 -0.580573
-42.6602 228.329 -0.433997
-39.1334 226.177 -0.304677
-35.6684 224.057 -0.164492
-32.2751 221.965 -0.0268158
-28.7321 219.812 0.1395
-24.992 217.507 0.354823
-21.5666 214.919 0.521256
-18.887 211.602 0.681261
-17.8181 207.677 0.893326
-18.4821 203.66 1.13216
-20.4618 200.055 1.3188
-23.635 197.33 1.43343
-27.7675 196.1 1.45403
-31.9542 196.446 1.44881
-35.7185 197.763 1.41854
-39.3905 199.837 1.21894
-43.1045 202.351 0.983014
-46.3605 204.623 0.835544
-49.6367 206.938 0.718864
-53.311 209.508 0.544075
-56.9975 212.042 0.352426
-60.6518 214.527 0.147178
-64.3165 216.985 -0.0689728
-67.9955 219.405 -0.279641
-71.6781 221.786 -0.518643
-75.2377 224.036 -0.693791
-79.1044 226.324 -0.878196
-82.8441 228.265 -0.995809
-86.7217 229.732 -1.11379
-90.7002 230.513 -1.27633
-95.1446 230.424 -1.3582
-99.2813 229.112 -1.35297
-102.765 226.823 -1.34768
-105.858 223.776 -1.27757
-108.64 220.404 -1.16745
-111.053 217.159 -1.03524
-113.594 213.4 -0.880687
-115.891 209.689 -0.729967
-118.082 205.932 -0.563505
-120.086 202.309 -0.391357
-122.033 198.574 -0.19613
-123.867 194.757 -0.109517
-125.535 190.916 0.0167416
-127.023 186.996 0.167182
-128.23 182.971 0.34226
-128.724 178.882 0.540743
-127.984 174.803 0.757732
-125.996 171.124 1.03694
-122.981 167.987 1.3068
-119.73 165.559 1.47049
-116.12 163.349 1.6199
-112.435 161.272 1.7589
-108.679 159.201 1.93618
-104.992 157.214 2.17144
-101.365 155.283 2.37877
-97.4579 153.272 2.59604
-93.4615 151.278 2.76553
-89.9496 149.524 2.9052
-86.3318 147.667 3.02398
-82.688 145.736 3.1219
-79.1818 143.813 3.2666
-75.6944 141.874 3.48447
-71.9495 139.865 3.71044
-68.0587 138.238 3.75409
-63.8201 137.588 3.82158
-59.7353 138.329 3.84993
-56.1904 140.358 3.83703
-53.3482 143.435 3.74772
-51.3099 147.191 3.63369
-50.0698 151.03 3.51628
-48.9259 154.94 3.399
-47.5383 158.738 3.18426
-45.5305 162.513 3.01291
-43.2009 166.018 2.85248
-40.6822 169.345 2.71083
-38.0335 172.674 2.56967
-35.3908 175.927 2.43372
-32.8996 179.016 2.3187
-30.5816 182.447 2.1845
-29.2114 186.523 2.04616
-29.5314 190.627 1.78206
-31.4703 194.487 1.56117
-34.6364 197.702 1.41892
-38.0809 200.355 1.19583
-41.3726 202.725 0.98129
-44.8614 205.143 0.819932
-48.422 207.546 0.678488
-51.9716 209.895 0.512536
-55.5342 212.239 0.339612
-59.0278 214.5 0.20354
-62.4126 216.727 0.00117145
-66.0228 219.112 -0.249407
-69.5509 221.514 -0.493951
-73.0347 223.974 -0.700077
-76.4964 226.477 -0.854691
-79.8123 228.918 -1.01825
-83.0737 231.307 -1.15922
-86.623 233.361 -1.36369
-90.8314 234.254 -1.55166
-94.9139 233.56 -1.576
-98.4264 231.261 -1.47561
-100.597 227.588 -1.32904
-100.776 223.306 -1.11776
-98.9369 219.447 -0.858184
-95.8215 216.503 -0.543341
-92.3572 214.027 -0.465827
-88.8401 211.734 -0.473304
-85.1954 209.439 -0.482994
-81.5258 207.127 -0.523281
-77.8501 204.778 -0.540683
-74.2346 202.454 -0.555581
-70.596 200.115 -0.56347
-66.9615 197.796 -0.584376
-63.4359 195.521 -0.638199
-59.9739 193.298 -0.700364
-56.3061 190.992 -0.737286
-52.791 188.834 -0.79736
-49.2489 186.72 -0.828357
-45.5242 184.439 -0.926201
-42.233 182.025 -0.932591
-39.6451 178.788 -0.798775
-38.5591 174.723 -0.640151
-39.5493 170.656 -0.453339
-42.391 167.778 -0.350444
-46.5409 166.727 -0.332952
-50.4064 167.669 -0.370418
-53.9605 169.689 -0.433293
-57.3677 171.862 -0.814679
-61.0617 174.198 -1.16159
-64.7443 176.463 -1.51696
-68.3979 178.7 -1.84262
-72.0434 180.936 -2.17171
-75.659 183.147 -2.51177
-79.2386 185.355 -2.86577
-82.9174 187.591 -3.21104
-86.5365 189.79 -3.57914
-90.1288 191.972 -3.92825
-93.7382 194.146 -4.33545
-97.2853 196.261 -4.70915
-100.813 198.393 -5.08039
-104.141 200.684 -5.47847
-106.98 203.687 -5.78328
-108.573 207.685 -6.06912
-108.159 211.787 -6.25883
-105.723 215.097 -6.36145
-101.847 216.611 -6.34478
-97.8259 216.129 -6.16958
-93.9256 214.193 -5.98529
-90.2402 211.763 -6.00812
-86.7838 209.468 -6.01839
-83.0887 207.125 -6.01677
-79.6827 205.035 -6.0276
-76.1988 202.921 -6.07748
-72.5776 200.77 -6.11891
-68.9145 198.616 -6.14453
-65.1214 196.362 -6.17668
-61.5105 194.208 -6.24636
-58.0084 192.104 -6.28935
-54.3951 189.889 -6.34734
-50.9521 187.74 -6.39584
-47.5398 185.608 -6.4795
-44.0912 183.396 -6.61596
-40.6681 181.219 -6.71237
-37.0892 178.977 -6.72975
-33.5688 176.852 -6.63687
-30.0351 174.749 -6.51354
-26.5784 172.738 -6.25802
-22.977 170.498 -6.24637
-20.7864 167.087 -6.14512
-21.3577 162.885 -5.92126
-23.4706 159.34 -5.75426
-25.979 155.846 -5.62015
-28.385 152.448 -5.48836
-30.9327 148.65 -5.35716
-33.3896 144.749 -5.20245
-35.4647 141.314 -5.06743
-37.6328 137.553 -4.91172
-39.6095 134.037 -4.77639
-41.5899 130.481 -4.60538
-43.7471 126.552 -4.3539
-45.9388 122.796 -4.10247
-48.0409 119.333 -3.81313
-50.1151 115.839 -3.55645
-52.4361 112.205 -3.3081
-55.1914 109.215 -3.13286
-59.1368 107.804 -3.0946
-63.2608 109.095 -3.08685
-66.7065 111.453 -3.16372
-70.0693 113.903 -3.26452
-73.6384 116.337 -3.36698
-77.045 118.554 -3.46372
-80.6618 120.843 -3.60727
-84.304 123.096 -3.75207
-87.9881 125.339 -3.88847
-91.8131 127.64 -4.06391
-95.6815 129.964 -4.23139
-99.6831 132.336 -4.40468
-103.125 134.385 -4.56682
-106.639 136.468 -4.72232
-110.099 138.534 -4.90495
-113.66 140.673 -5.09241
-117.117 142.763 -5.29325
-120.724 144.942 -5.49031
-124.217 147.034 -5.69604
-127.718 149.164 -5.90895
-131.523 151.512 -6.1497
-135.174 153.813 -6.41056
-138.628 156.067 -6.66749
-142.311 158.448 -6.94715
-146.071 160.221 -7.19427
-150.285 160.763 -7.37789
-154.244 159.512 -7.4595
-157.412 156.535 -7.4305
-159.613 152.854 -7.31879
-161.631 149.007 -7.18898
-163.5 145.442 -7.04583
-165.715 141.984 -6.92171
-168.441 138.876 -6.85978
-172.006 136.848 -6.8855
-176.05 136.593 -7.08003
-179.848 138.059 -7.28617
-183.162 140.533 -7.58566
-184.993 144.171 -7.95854
-184.077 148.519 -8.10976
-181.748 152.218 -8.21003
-179.138 155.919 -8.31264
-176.648 159.464 -8.39436
-174.044 163.242 -8.49782
-171.697 166.672 -8.59265
-168.945 170.694 -8.71102
-166.582 174.133 -8.82909
-164.147 177.659 -8.9453
-161.699 181.192 -9.07034
-159.233 184.732 -9.18786
-156.813 188.195 -9.32637
-154.301 191.802 -9.47207
-152.071 195.289 -9.62332
-149.973 198.744 -9.7699
-147.736 202.597 -9.95655
-145.589 206.267 -10.1214
-143.385 209.871 -10.29
-141.075 213.298 -10.4638
-138.118 216.28 -10.6372
-134.124 217.131 -10.5609
-130.467 215.481 -10.2429
-126.879 213.001 -9.92843
-123.442 210.688 -9.63967
-120.08 208.485 -9.35129
-116.727 206.319 -9.14525
-113.34 204.132 -8.94757
-109.947 201.943 -8.74671
-106.362 199.668 -8.34214
-102.778 197.374 -7.93128
-99.1189 195.04 -7.53862
-95.5189 192.767 -7.16301
-91.8575 190.484 -6.80231
-88.187 188.201 -6.4407
-84.4182 185.896 -6.07244
-80.6734 183.611 -5.72068
-76.9019 181.324 -5.39262
-73.2034 179.069 -5.05969
-69.5458 176.825 -4.7397
-65.9892 174.632 -4.42567
-62.5678 172.526 -4.13111
-58.9336 170.276 -3.83615
-55.346 168.037 -3.49987
-51.9282 165.739 -3.3734
-48.2701 163.995 -3.35249
-44.0584 164.581 -3.40291
-40.6936 166.901 -3.50381
-38.1377 170.405 -3.60274
-37.0709 174.286 -3.76578
-37.5709 178.608 -3.93779
-39.9373 182.252 -4.04203
-43.1001 184.977 -4.10506
-46.8343 187.486 -4.0191
-50.237 189.683 -3.951
-53.772 191.906 -3.84783
-57.4181 194.184 -3.7458
-61.1246 196.493 -3.67478
-64.7309 198.713 -3.62811
-68.4881 201.01 -3.59713
-71.8815 203.078 -3.53845
-75.5281 205.302 -3.49211
-79.3238 207.582 -3.48452
-83.0416 209.818 -3.46265
-86.7414 212.174 -3.4322
-90.2843 214.481 -3.3876
-93.8139 216.796 -3.3415
-97.5534 218.93 -3.61493
-101.595 219.941 -3.82834
-105.97 219.263 -3.88678
-109.346 216.786 -3.86232
-111.495 213.167 -3.73532
-112.058 209.001 -3.54328
-110.886 204.931 -3.3044
-108.36 201.581 -3.03088
-105.136 198.915 -2.7599
-101.672 196.707 -2.34146
-98.1264 194.661 -1.94831
-94.6314 192.54 -1.55719
-90.8028 190.221 -1.1302
-87.1968 188.039 -0.723886
-83.3808 185.717 -0.363292
-79.9886 183.594 -0.00011976
-76.571 181.435 0.391981
-73.1496 179.277 0.760304
-69.7957 177.17 1.08787
-66.1302 174.907 1.44861
-62.4091 172.663 1.83891
-58.871 170.561 2.23301
-55.4595 168.374 2.62489
-52.5812 165.414 2.84191
-51.09 161.4 3.0376
-51.2867 157.396 3.25035
-53.1081 153.573 3.36711
-56.2043 151.012 3.39995
-60.216 150.277 3.37375
-64.3039 151.404 3.32839
-68.0629 153.267 3.11494
-71.9322 155.467 2.87507
-75.412 157.511 2.71897
-78.9544 159.623 2.59528
-82.5143 161.778 2.44685
-86.1099 163.957 2.28154
-89.6523 166.079 2.13294
-93.1107 168.164 1.94204
-96.912 170.45 1.68805
-100.616 172.7 1.43441
-104.183 174.892 1.24282
-107.729 177.091 1.13792
-111.375 179.453 0.976131
-114.78 181.953 0.839445
-117.744 184.816 0.586493
-119.862 188.234 0.325272
-120.629 192.531 0.0899007
-119.813 196.486 -0.0645458
-118.03 200.43 -0.248768
-115.814 204.263 -0.423222
-113.691 207.688 -0.579238
-111.459 211.112 -0.716794
-109.245 214.405 -0.834002
-106.762 217.952 -0.984172
-104.228 221.552 -1.11271
-101.721 225.135 -1.23897
-99.2208 228.386 -1.33492
-96.0435 231.033 -1.41655
-92.1404 232.551 -1.45495
-87.711 232.399 -1.34473
-83.9029 230.964 -1.13817
-80.1282 228.729 -1.01011
-76.8056 226.494 -0.873122
-73.3299 224.144 -0.718117
-69.8869 221.828 -0.516422
-66.4529 219.564 -0.278096
-63.0707 217.374 -0.0810508
-59.6782 215.198 0.113041
-56.2958 213.054 0.306708
-52.8522 210.899 0.460399
-49.3636 208.754 0.583315
-45.8487 206.619 0.715202
-42.4037 204.531 0.879637
-38.7628 202.141 1.08953
-35.5688 199.455 1.30757
-32.8422 196.179 1.47445
-31.1104 192.515 1.67674
-30.4285 188.501 1.91923
-30.776 184.418 2.11516
-31.9558 180.362 2.26677
-33.6301 176.56 2.42155
-36.0458 173.059 2.5643
-39.2212 170.472 2.66913
-43.0245 169.032 2.71135
-47.1164 168.873 2.71282
-51.0693 169.729 2.69042
-55.1038 171.424 2.4691
-58.8073 173.422 2.07206
-62.275 175.38 1.73771
-66.1215 177.581 1.34774
-69.6737 179.625 0.987159
-73.1881 181.653 0.653663
-76.6735 183.684 0.324191
-80.3715 185.835 -0.0873993
-83.8562 187.908 -0.470644
-87.5151 190.117 -0.848106
-90.9417 192.203 -1.21763
-94.4245 194.332 -1.61163
-98.0343 196.569 -2.03711
-101.718 198.822 -2.45869
-105.252 201.303 -2.8573
-108.046 204.542 -3.16926
-109.304 208.61 -3.43375
-108.822 212.716 -3.62167
-107.077 216.649 -3.78626
-104.936 220.155 -3.9007
-102.743 223.608 -4.00236
-100.455 227.272 -4.10591
-98.1149 230.513 -4.19785
-94.771 232.959 -4.30276
-90.7409 233.634 -4.26192
-86.7758 232.768 -4.10153
-83.1223 231.102 -3.91654
-79.4452 228.921 -3.78324
-76.0316 226.819 -3.66192
-72.4662 224.637 -3.53751
-68.9193 222.463 -3.35612
-65.365 220.263 -3.10677
-61.7751 218.024 -2.91334
-58.2533 215.802 -2.73676
-54.8021 213.609 -2.58725
-51.1988 211.303 -2.4221
-47.84 209.149 -2.31278
-44.1637 206.785 -2.19756
-40.7437 204.57 -2.0491
-37.1093 202.218 -1.854
-33.6432 199.583 -1.64556
-31.098 196.411 -1.54511
-29.7172 192.569 -1.35636
-29.6896 188.551 -1.13152
-31.0601 184.654 -0.963332
-33.1623 181.011 -0.839752
-35.2625 177.586 -0.715598
-37.3797 174.101 -0.589855
-39.4562 170.624 -0.438424
-41.5505 167.065 -0.309361
-43.764 163.254 -0.149473
-45.8946 159.566 0.00480545
-48.2759 155.956 0.17768
-51.3521 152.976 0.25908
-55.2983 151.343 0.235014
-59.2923 151.274 0.20006
-63.3344 152.483 0.166309
-67.0314 154.287 -0.0178502
-70.9042 156.476 -0.243004
-74.2767 158.563 -0.409771
-77.7331 160.757 -0.505428
-81.087 162.917 -0.626676
-84.8235 165.306 -0.786427
-88.3033 167.515 -0.940028
-91.7393 169.709 -1.11841
-95.5141 172.092 -1.37524
-98.9327 174.245 -1.59242
-102.59 176.545 -1.78976
-106.211 178.782 -1.92266
-109.759 180.957 -2.08192
-113.376 183.299 -2.22619
-116.702 186.079 -2.47457
-119.023 189.598 -2.74261
-119.79 193.783 -2.95032
-118.82 198.085 -3.07871
-116.883 201.895 -3.26088
-114.434 205.564 -3.40385
-112.153 208.847 -3.52445
-109.918 212.149 -3.62767
-107.646 215.533 -3.72861
-105.187 219.148 -3.85481
-102.759 222.697 -3.96353
-100.362 226.204 -4.05757
-98.0011 229.731 -4.14503
-95.67 233.342 -4.34374
-93.3968 237.01 -4.53865
-91.2204 240.682 -4.72856
-88.874 244.316 -4.89419
-85.7652 247.32 -5.02419
-81.8943 248.91 -5.0513
-77.5671 248.743 -4.91612
-73.7294 247.323 -4.71032
-69.8345 245.257 -4.58062
-66.3224 243.241 -4.46173
-62.7458 241.102 -4.30455
-59.1322 238.905 -4.11731
-55.5422 236.714 -3.9247
-51.9638 234.516 -3.73114
-48.5216 232.397 -3.57542
-44.6521 230.027 -3.39252
-40.88 227.71 -3.22709
-37.1649 225.452 -3.10389
-33.524 223.242 -2.99221
-29.9924 221.131 -2.86134
-26.3133 218.87 -2.69087
-23.0089 216.224 -2.50042
-20.6364 212.789 -2.38839
-19.6027 208.523 -2.18988
-20.1127 204.522 -1.9745
-21.6885 200.76 -1.78466
-23.7557 197.14 -1.60653
-25.9897 193.558 -1.42468
-28.2229 190.091 -1.23518
-30.4755 186.665 -1.02892
-32.7069 183.2 -0.925796
-34.9607 179.668 -0.800034
-37.2332 176.085 -0.663777
-39.4934 172.494 -0.523061
-41.8013 168.829 -0.386488
-44.0562 165.244 -0.247739
-46.2782 161.677 -0.104525
-48.4426 158.179 0.0524023
-50.5427 154.786 0.22298
-52.6948 151.254 0.274954
-54.8034 147.722 0.353047
-56.9006 144.142 0.445717
-58.9875 140.614 0.542939
-61.4263 137.087 0.651476
-64.6745 134.361 0.68796
-68.6302 133.205 0.670263
-72.9109 133.753 0.610244
-76.6918 135.529 0.511992
-80.195 137.91 0.330097
-83.6821 140.441 0.137339
-87.1858 142.963 -0.0211896
-90.4595 145.249 -0.160878
-94.0876 147.704 -0.297025
-97.8094 150.132 -0.45834
-101.626 152.546 -0.676385
-105.329 154.883 -0.899971
-109.126 157.241 -1.13569
-112.614 159.396 -1.32721
-116.179 161.567 -1.4842
-119.548 163.751 -1.66783
-123.094 166.355 -1.84549
-125.957 169.209 -2.02055
-128.021 172.945 -2.3108
-128.654 177.325 -2.55384
-127.811 181.581 -2.69472
-126.099 185.169 -2.81559
-124.091 188.663 -2.89534
-122.042 192.215 -2.96876
-120.04 195.716 -3.04035
-118.035 199.207 -3.13367
-115.88 203.021 -3.29734
-113.713 206.805 -3.45124
-111.493 210.368 -3.57601
-108.93 213.528 -3.65641
-105.418 216.044 -3.71324
-101.419 217.007 -3.64421
-97.4068 216.37 -3.45186
-93.4603 214.379 -3.30151
-90.0205 212.23 -3.32814
-86.4897 209.962 -3.35444
-82.7372 207.563 -3.40559
-79.3418 205.436 -3.42747
-75.7297 203.211 -3.41062
-71.9982 200.903 -3.45053
-68.3264 198.618 -3.49627
-64.9206 196.465 -3.55033
-61.1589 194.123 -3.60286
-57.6191 191.921 -3.65646
-54.1689 189.81 -3.73895
-50.6002 187.67 -3.84985
-47.1327 185.559 -3.9201
-43.7736 183.154 -4.0079
-41.0833 179.919 -3.92677
-39.7618 176.151 -3.83102
-39.8848 172.081 -3.65924
-41.2228 167.963 -3.53416
-43.0588 164.295 -3.38646
-45.1268 160.452 -3.22104
-47.2209 157.057 -3.07371
-49.9377 153.953 -2.92699
-53.2635 151.816 -2.90067
-57.4069 150.814 -2.90219
-61.4808 151.235 -2.91205
-65.4299 152.686 -2.9806
-69.0142 154.597 -3.13904
-72.5425 156.742 -3.28718
-76.2053 159.061 -3.39085
-79.8474 161.392 -3.47775
-83.5392 163.766 -3.57138
-87.2283 166.107 -3.67812
-90.6137 168.238 -3.8627
-94.3339 170.55 -4.07429
-98.0741 172.834 -4.26911
-101.74 175.057 -4.45083
-105.515 177.339 -4.61196
-109.087 179.573 -4.76177
-112.566 181.894 -4.88823
-115.892 184.509 -5.02509
-118.422 187.678 -5.29712
-119.721 191.792 -5.5477
-119.326 195.86 -5.68966
-117.649 199.696 -5.84053
-115.531 203.123 -5.96887
-113.246 206.578 -6.10248
-110.913 210.13 -6.23248
-108.668 213.57 -6.35273
-106.499 216.947 -6.46745
-104.366 220.3 -6.57911
-102.22 223.746 -6.68831
-100.048 227.117 -6.7968
-97.4647 230.173 -6.88919
-93.8641 232.492 -6.97717
-89.9582 233.267 -6.94857
-85.968 232.561 -6.80395
-82.1175 230.766 -6.66267
-78.6172 228.63 -6.53108
-75.0253 226.34 -6.39093
-71.334 223.979 -6.26266
-67.7257 221.647 -6.08493
-64.2068 219.372 -5.88003
-60.7754 217.167 -5.68477
-57.2218 214.88 -5.52269
-53.6532 212.604 -5.40866
-49.9779 210.311 -5.29654
-46.2271 207.987 -5.20479
-42.51 205.724 -5.10349
-38.9863 203.567 -4.96119
-35.3588 201.125 -4.82068
-32.4089 198.261 -4.68323
-30.5332 194.748 -4.5847
-29.8813 190.453 -4.39553
-30.6756 186.488 -4.18657
-32.465 182.522 -4.06725
-34.4634 178.929 -3.93827
-36.4516 175.487 -3.81096
-38.4977 172.011 -3.67241
-40.566 168.519 -3.55946
-42.6064 165.087 -3.42336
-44.6593 161.685 -3.28197
-46.8908 158.012 -3.12161
-49.1276 154.354 -2.95194
-51.2165 150.955 -2.87483
-53.5076 147.223 -2.79702
-55.858 143.503 -2.70969
-58.4106 140.025 -2.617
-61.4985 137.158 -2.54473
-65.3657 135.342 -2.53465
-69.5718 134.955 -2.53245
-73.7923 136.051 -2.53099
-77.3649 137.934 -2.68882
-80.9579 140.23 -2.85852
-84.6377 142.674 -3.00143
-88.1739 145.095 -3.08064
-91.6226 147.506 -3.18489
-95.0088 149.856 -3.31935
-98.4842 152.17 -3.47398
-102.132 154.462 -3.65121
-105.8 156.66 -3.84155
-109.532 158.737 -4.05352
-113.183 160.702 -4.20411
-117.039 162.74 -4.34404
-120.651 164.767 -4.46909
-123.943 167.135 -4.60891
-126.695 170.208 -4.8467
-128.415 174.124 -5.10792
-128.689 178.356 -5.28103
-127.567 182.445 -5.41824
-125.489 186.261 -5.51281
-123.353 189.648 -5.58787
-121.176 193.069 -5.64953
-118.964 196.573 -5.70932
-116.773 200.038 -5.84509
-114.561 203.555 -5.97226
-112.354 207.051 -6.10956
-110.182 210.526 -6.24152
-108.027 213.984 -6.36001
-105.748 217.666 -6.48579
-103.543 221.292 -6.6075
-101.332 224.936 -6.73141
-99.1832 228.518 -6.84682
-96.9812 232.173 -7.01916
-94.7344 235.915 -7.20883
-92.4846 239.608 -7.3881
-89.975 243.184 -7.55605
-86.9781 246.191 -7.66835
-83.1672 248.264 -7.74333
-78.8992 248.892 -7.69167
-74.6209 247.948 -7.49132
-71.0683 246.128 -7.39132
-67.466 243.865 -7.27881
-63.7502 241.47 -7.12291
-60.1067 239.12 -6.9814
-56.3327 236.731 -6.78465
-52.6604 234.442 -6.61036
-48.9827 232.19 -6.44433
-45.2348 229.95 -6.28146
-41.5074 227.766 -6.15876
-37.8306 225.698 -6.06069
-34.267 223.766 -5.99007
-30.4227 221.663 -5.86044
-26.9036 219.437 -5.73294
-23.6893 216.803 -5.56235
-21.1657 213.482 -5.46436
-19.8326 209.616 -5.32778
-19.7915 205.462 -5.12373
-21.0543 201.311 -4.92661
-23.1291 197.438 -4.7423
-25.2086 194.001 -4.58955
-27.2571 190.528 -4.40938
-29.4395 186.729 -4.2104
-31.4182 183.229 -4.08722
-33.5061 179.366 -3.95388
-35.5387 175.54 -3.81293
-37.6495 172.174 -3.6817
-40.5241 169.114 -3.56763
-44.3705 167.233 -3.48921
-48.3282 167.057 -3.4439
-52.1535 168.286 -3.44887
-55.8197 170.347 -3.69067
-59.2041 172.419 -3.96289
-62.6166 174.542 -4.22307
-66.2613 176.826 -4.5446
-69.6779 178.966 -4.84585
-73.1105 181.118 -5.13913
-76.7617 183.391 -5.47294
-80.2945 185.588 -5.79045
-84.0382 187.902 -6.14228
-87.6093 190.124 -6.49212
-90.9977 192.208 -6.82125
-94.5966 194.398 -7.17357
-98.0244 196.482 -7.52107
-101.563 198.684 -7.90294
-104.753 201.101 -8.29998
-107.522 204.361 -8.73665
-108.699 208.471 -9.07673
-108.142 212.547 -9.32818
-106.301 216.281 -9.4787
-103.973 219.778 -9.56646
-101.695 223.185 -9.65582
-99.5487 226.635 -9.76119
-97.3204 230.259 -9.92213
-95.1329 233.817 -10.1274
-92.9433 237.429 -10.3622
-90.8651 241.029 -10.5865
-88.5728 244.711 -10.8129
-85.7481 247.762 -10.9616
-82.0198 249.595 -10.9958
-77.7237 249.659 -10.8874
-73.9262 248.34 -10.656
-70.0244 246.237 -10.5505
-66.4454 244.02 -10.3769
-62.7313 241.719 -10.1841
-59.3185 239.61 -9.99213
-55.8437 237.459 -9.80673
-52.0138 235.128 -9.61546
-48.3985 232.863 -9.40051
-44.7594 230.455 -9.21066
-41.1657 227.962 -9.09467
-37.7335 225.568 -8.96911
-34.4434 223.318 -8.8442
-30.9204 220.97 -8.69614
-27.2929 218.638 -8.55039
-23.9517 216.243 -8.3112
-20.9063 213.268 -8.24161
-18.7988 209.591 -8.11988
-18.5131 205.61 -7.9482
-19.9358 201.698 -7.79551
-22.0874 198.215 -7.57658
-24.5274 194.659 -7.39394
-26.8089 191.383 -7.19779
-29.0916 187.956 -7.00668
-31.3654 184.365 -6.87495
-33.6989 180.719 -6.77261
-35.9675 177.251 -6.67414
-38.336 173.556 -6.56684
-40.5609 170.075 -6.4549
-42.7068 166.702 -6.29292
-44.9367 163.152 -6.1282
-47.063 159.719 -5.95995
-49.288 156.071 -5.78803
-51.3756 152.621 -5.71202
-53.4443 149.168 -5.65842
-55.5731 145.607 -5.58899
-57.8033 141.942 -5.51691
-60.4807 138.529 -5.44149
-63.8661 136.068 -5.34324
-67.9103 134.916 -5.29849
-71.8906 135.216 -5.30419
-75.7817 136.76 -5.41957
-79.2278 138.798 -5.5974
-82.7228 141.037 -5.73475
-86.2299 143.33 -5.86835
-89.7292 145.602 -5.98469
-93.2554 147.872 -6.09593
-96.7222 150.102 -6.19158
-100.21 152.338 -6.38801
-103.785 154.639 -6.61152
-107.432 156.945 -6.78972
-111.068 159.217 -6.95284
-114.61 161.368 -7.09868
-118.315 163.526 -7.25242
-121.828 165.615 -7.37438
-125.276 168.094 -7.47989
-127.914 171.453 -7.77285
-129.101 175.348 -8.00485
-128.738 179.524 -8.23248
-127.075 183.291 -8.36061
-124.897 186.91 -8.41397
-122.616 190.483 -8.48306
-120.435 193.969 -8.54981
-118.239 197.487 -8.64971
-115.974 201.156 -8.83038
-113.715 204.875 -9.00827
-111.463 208.578 -9.17127
-109.374 212.003 -9.33273
-107.051 215.804 -9.47297
-104.938 219.369 -9.57871
-102.782 223.101 -9.67931
-100.699 226.56 -9.79943
-98.154 230.007 -9.91975
-94.9406 232.616 -10.0416
-91.0742 233.615 -10.0592
-86.7746 232.957 -9.92176
-83.0137 231.451 -9.76156
-79.379 229.605 -9.64269
-75.6761 227.564 -9.51526
-72.232 225.566 -9.36382
-68.7574 223.513 -9.21338
-65.2575 221.373 -9.05201
-61.8245 219.254 -8.8555
-58.3771 217.159 -8.64909
-54.9059 215.045 -8.47218
-51.1466 212.765 -8.35398
-47.4691 210.54 -8.24377
-43.9902 208.375 -8.13013
-40.5108 206.16 -8.00488
-37.1835 203.894 -7.82338
-33.8178 201.371 -7.59734
-30.8562 198.626 -7.51377
-28.6905 195.227 -7.39042
-28.1356 191.096 -7.17458
-29.3552 187.297 -6.96755
-31.3414 183.747 -6.85381
-33.4373 180.318 -6.75941
-35.6695 176.85 -6.65354
-37.9721 173.298 -6.55357
-40.1695 169.959 -6.45144
-42.3829 166.539 -6.29095
-44.7093 162.815 -6.11412
-46.7735 159.37 -5.94647
-49.0507 155.936 -5.78389
-51.9973 153.162 -5.73127
-55.8632 151.592 -5.72846
-59.9985 151.51 -5.74816
-64.211 152.77 -5.78599
-68.0563 154.728 -5.98761
-71.6462 156.881 -6.13431
-75.4453 159.213 -6.2514
-79.2295 161.55 -6.37531
-82.9615 163.861 -6.48344
-86.7437 166.198 -6.59508
-90.4096 168.494 -6.82429
-93.7825 170.585 -7.04285
-97.2089 172.686 -7.21202
-101.025 175.005 -7.3899
-104.689 177.222 -7.54164
-108.165 179.316 -7.67803
-111.928 181.51 -7.80744
-115.404 183.964 -7.93372
-117.985 187.065 -8.19484
-119.079 191.024 -8.39281
-118.35 195.2 -8.53507
-116.679 198.943 -8.69763
-115.489 203.126 -8.92747
-116.519 207.278 -9.17354
-119.327 210.302 -9.43835
-122.6 212.622 -9.734
-125.95 214.841 -10.0188
-129.44 216.982 -10.3367
-133.383 218.343 -10.6439
-137.722 218.125 -10.7716
-141.965 216.335 -10.7331
-145.343 213.644 -10.6464
-148.113 210.507 -10.5376
-150.803 206.826 -10.3772
-153.556 202.666 -10.1743
-155.803 199.233 -10.026
-158.172 195.646 -9.86517
-160.648 191.864 -9.71409
-163.197 187.959 -9.55812
-165.972 183.671 -9.40854
-168.696 179.441 -9.24134
-171.472 175.083 -9.0918
-174.314 170.633 -8.93133
-177.017 166.362 -8.79988
-179.692 162.13 -8.67524
-182.404 157.822 -8.56241
-184.944 153.789 -8.43301
-187.41 149.807 -8.3192
-189.807 145.815 -8.20335
-192.102 141.866 -8.09871
-194.338 137.882 -7.97903
-196.374 133.965 -7.89691
-198.426 129.802 -7.75796
-200.182 125.94 -7.61918
-201.898 121.818 -7.5505
-203.448 117.732 -7.43702
-204.925 113.476 -7.30352
-206.243 109.238 -7.16813
-207.412 105.016 -7.00539
-208.451 100.855 -6.87217
-209.381 96.6743 -6.71459
-210.16 92.5669 -6.57537
-210.843 88.4052 -6.43213
-211.42 84.1865 -6.28174
-211.875 80.0836 -6.12378
-212.21 76.0022 -5.96725
-212.424 72.0059 -5.82832
-212.52 67.9731 -5.68479
-212.443 63.0102 -5.4851
-212.165 57.9768 -5.27244
-211.754 53.2993 -5.04818
-211.233 48.6528 -4.83424
-210.626 44.2106 -4.64237
-209.902 39.9155 -4.44057
-208.91 35.3028 -4.30331
-207.85 30.9669 -4.05398
-206.742 26.9826 -3.88094
-205.42 22.7723 -3.68555
-204.135 18.9004 -3.52565
-202.747 15.0518 -3.38104
-201.145 11.0111 -3.1656
-198.99 7.36833 -2.94524
-195.946 4.31535 -2.71268
-192.379 2.20899 -2.52057
-188.113 1.00932 -2.28677
-183.968 0.898747 -2.18202
-179.625 1.72234 -2.10292
-175.249 3.33263 -2.1286
-171.337 4.96206 -2.10072
-167.454 6.61241 -2.04452
-163.511 8.27563 -2.00607
-159.451 9.99863 -1.94791
-155.273 11.7843 -1.8838
-151.572 13.4018 -1.8364
-147.511 15.2182 -1.80763
-143.059 17.2453 -1.76977
-138.553 19.3105 -1.71572
-134.869 20.9668 -1.68739
-130.31 23.0274 -1.65184
-125.769 25.0719 -1.62764
-121.089 27.1652 -1.592
-116.588 29.1556 -1.56227
-112.053 31.1459 -1.52014
-107.561 33.1214 -1.48995
-103.034 35.0575 -1.4398
-98.5595 36.9299 -1.36516
-94.226 38.6588 -1.26073
-89.6944 40.4021 -1.16923
-85.4864 41.9882 -1.07955
-81.0609 43.5451 -0.997104
-76.8497 44.9377 -0.895056
-72.7056 46.1883 -0.792828
-68.4838 47.3546 -0.703978
-64.2798 48.3774 -0.633335
-60.0613 49.2625 -0.545297
-55.8449 50.0135 -0.457058
-51.5371 50.6182 -0.368226
-47.2125 51.0814 -0.28693
-42.9007 51.3822 -0.213136
-38.5275 51.4962 -0.135127
-34.1903 51.4577 -0.053746
-29.8027 51.2904 0.0199329
-25.3549 51.0098 0.0840253
-20.9615 50.626 0.130076
-16.5666 50.1713 0.137645
-12.0834 49.6197 0.119469
-7.74287 49.0017 0.127275
-3.31278 48.2307 0.10271
1.02873 47.3536 0.0677972
5.36498 46.3361 0.0372956
9.78278 45.1113 -0.0156753
13.7947 43.7667 -0.0691691
17.8289 42.168 -0.126146
21.7507 40.4417 -0.184126
25.6944 38.6106 -0.242326
29.4896 36.8028 -0.325523
33.2522 35.0139 -0.388927
37.4708 32.9122 -0.491398
41.2058 31.0076 -0.588768
44.761 29.1162 -0.689159
48.2534 26.6529 -0.812165
50.6836 23.0752 -0.961143
51.0729 18.6398 -0.888722
50.2231 14.7083 -0.837803
48.7965 10.8412 -0.779012
46.7727 7.39885 -0.703102
43.8263 4.49772 -0.636249
39.9243 2.57289 -0.517379
35.6551 1.63367 -0.387114
31.3326 1.10121 -0.294292
27.1159 0.655008 -0.183214
23.0584 0.245098 -0.102966
18.9938 -0.25118 -0.0811825
14.858 -0.580945 -0.0338186
10.9648 0.462964 -0.073918
8.0657 3.59605 -0.0507603
6.76359 7.36861 -0.0766109
6.38329 11.4547 -0.111131
6.5084 15.6579 -0.0993647
6.672 19.897 -0.132267
7.00347 24.1066 -0.177592
