-2.22251e-07 -9.56914e-09
-4.44501e-07 -1.91383e-08
-6.66506e-07 -2.85463e-08
0.0110033 -0.000948786
0.641011 -0.011174
0.695837 -0.00667309
0.700228 -0.0108426
0.693916 0.00880564
0.699222 0.031286
0.716073 0.0457148
0.72894 0.0478122
0.733162 0.0451291
0.733145 0.0461372
0.738711 0.063662
0.759616 0.078342
0.768529 0.0789489
1.06245 0.0187435
1.6636 -0.128523
2.28697 -0.291886
2.91426 -0.489659
3.50787 -0.680238
4.11688 -0.833408
4.72677 -0.975689
5.36569 -1.02098
5.9957 -1.0931
6.62912 -1.16134
7.23655 -1.26202
7.85121 -1.35356
8.43153 -1.45255
8.81265 -1.5119
8.8202 -1.51371
8.92102 -1.64883
9.28794 -2.1635
9.67027 -2.67036
10.083 -3.16149
10.5073 -3.64439
10.9387 -4.12835
11.2236 -4.4434
11.2209 -4.44134
11.218 -4.42907
11.3674 -4.99524
11.5223 -5.58666
11.6499 -6.14146
11.7628 -6.72784
11.8596 -7.31358
11.9235 -7.93129
11.9633 -8.55143
11.992 -9.17159
11.997 -9.79653
11.998 -10.4175
11.9523 -11.0067
11.9049 -11.6031
11.8151 -12.1869
11.7222 -12.7446
11.6157 -13.2567
11.6222 -13.2236
11.6218 -13.225
11.4852 -13.8435
11.3458 -14.4503
11.2237 -15.0564
11.1008 -15.6587
10.972 -16.2616
10.8274 -16.8218
10.681 -17.3869
10.5517 -17.9458
10.4226 -18.5024
10.2748 -19.0894
10.1151 -19.6807
10.0095 -20.1282
10.0128 -20.117
10.0199 -20.1026
10.0432 -20.1011
10.056 -20.1026
10.0636 -20.1051
10.0634 -20.105
10.0699 -20.1071
10.0577 -20.0949
10.0534 -20.093
9.7723 -20.1061
9.15478 -20.1497
8.52316 -20.1535
7.89903 -20.1322
7.30778 -20.1024
6.72921 -20.0614
6.17979 -19.9853
5.64982 -19.8901
5.04267 -19.7738
4.59617 -19.6433
4.23583 -19.5131
4.2443 -19.5133
3.64002 -19.5215
3.02518 -19.522
2.42662 -19.5224
1.80515 -19.4243
1.18327 -19.2901
0.558683 -19.2037
-0.0507351 -19.1539
-0.641477 -19.092
-1.23483 -18.9913
-1.945 -18.8667
-2.51573 -18.7588
-3.12795 -18.7034
-3.74522 -18.6254
-4.35821 -18.513
-4.97216 -18.4396
-5.58573 -18.378
-6.18846 -18.3104
-6.80734 -18.2167
-7.26126 -18.1707
-7.30552 -18.1597
-7.32199 -18.1429
-7.32279 -18.0618
-7.30352 -17.4279
-7.32644 -16.806
-7.36417 -16.1928
-7.4417 -15.5512
-7.56516 -14.8004
-7.7048 -14.1911
-7.70966 -14.1704
-7.65718 -13.6462
-7.60915 -12.9847
-7.62517 -12.3638
-7.66467 -11.7825
-7.69145 -11.6039
-7.60758 -11.3628
-7.39755 -10.7669
-7.27381 -10.1518
-7.18361 -9.51415
-7.11658 -8.87365
-7.0393 -8.23673
-6.98153 -7.5999
-6.94652 -6.97036
-6.94009 -6.34559
-6.90174 -5.77962
-6.85718 -5.18445
-6.78463 -4.60584
-6.72158 -3.97227
-6.63697 -3.33856
-6.57434 -2.70688
-6.5714 -2.07982
-6.61287 -1.43004
-6.63123 -0.794647
-6.64348 -0.149323
-6.57388 0.488338
-6.54073 0.857858
-6.5353 0.875277
-6.53409 0.882098
-6.46155 0.877946
-6.01245 0.820991
-5.35412 0.732204
-4.70265 0.672832
-4.04583 0.630575
-3.41934 0.601427
-2.79293 0.574744
-2.17003 0.559655
-1.54346 0.531833
-0.914358 0.523044
-0.348549 0.510155
-0.168043 0.498713
-0.17656 0.501936
-0.177112 0.504211
-0.180084 0.496974
-0.169587 0.499658
-0.171963 0.486623
-0.221987 0.552761
-0.0472766 0.528734
0.654789 0.482135
1.2724 0.432481
1.86133 0.384278
2.45557 0.314488
3.04137 0.247687
3.59965 0.151142
4.22185 0.0457007
4.84923 -0.0754951
5.47297 -0.190215
6.08783 -0.280829
6.68574 -0.401394
7.30764 -0.504526
7.92791 -0.650532
8.33012 -0.734359
8.38074 -0.747801
8.82051 -1.06627
9.22652 -1.42666
9.57256 -1.84915
9.90626 -2.35728
10.1885 -2.89148
10.4108 -3.46187
10.6114 -4.01072
10.8211 -4.57809
11.0251 -5.1496
11.2197 -5.74878
11.4033 -6.34788
11.5673 -6.94138
11.6991 -7.48764
11.8071 -8.05664
11.8949 -8.62271
11.97 -9.24608
12.0162 -9.86592
12.0494 -10.4834
12.0291 -11.0913
11.9895 -11.694
11.9261 -12.2938
11.8687 -12.7987
11.7757 -13.5332
11.6608 -14.1095
11.4982 -14.6718
11.3504 -15.2191
11.1967 -15.7867
11.0296 -16.3872
10.8738 -16.9892
10.7171 -17.5825
10.5744 -18.1794
10.4041 -18.7662
10.2154 -19.3578
10.0216 -19.9349
9.90996 -20.2574
9.92169 -20.2379
9.94685 -20.2339
9.95658 -20.2383
9.39019 -20.1989
8.78136 -20.1603
8.13732 -20.0978
7.50832 -20.0592
6.87971 -20.034
6.26597 -20.0395
5.64834 -20.0383
5.03048 -20.0363
4.38455 -20.1156
3.86501 -20.1068
3.39326 -20.0639
3.11321 -20.053
3.3329 -20.0699
3.01546 -19.9305
2.44484 -19.6722
1.8639 -19.4486
1.61011 -19.3414
1.27651 -19.3448
0.652292 -19.364
0.0372277 -19.4163
-0.576122 -19.4173
-1.1482 -19.3025
-1.69024 -19.1741
-2.27183 -19.1092
-2.87814 -19.0263
-3.5036 -18.9822
-4.11898 -18.9357
-4.72228 -18.8524
-5.32611 -18.7739
-5.8797 -18.756
-5.83071 -18.7631
-5.82866 -18.7631
-6.15598 -18.4222
-6.51481 -18.004
-6.89036 -17.5604
-7.26 -17.1047
-7.33066 -17.016
-7.33323 -16.946
-7.40118 -16.4432
-7.48705 -15.8776
-7.63434 -15.281
-7.7714 -14.7287
-7.76934 -14.6871
-7.71099 -14.0297
-7.67359 -13.4068
-7.66361 -12.7992
-7.70097 -12.1973
-7.65751 -11.6142
-7.61352 -10.863
-7.4863 -10.2535
-7.3732 -9.63692
-7.30847 -9.01012
-7.21895 -8.3834
-7.14099 -7.75222
-7.1588 -7.1233
-7.23465 -6.50891
-7.2311 -5.89896
-7.23319 -5.29018
-7.28876 -4.72706
-7.25564 -4.08368
-7.22512 -3.45065
-7.16564 -2.8199
-7.0832 -2.18497
-6.97064 -1.55337
-6.8916 -0.918958
-6.78705 -0.292188
-6.73014 0.352125
-6.6742 0.968828
-6.67224 1.01287
-6.66687 1.02283
-6.64885 1.03278
-6.18495 1.02699
-5.53928 1.02227
-4.92148 1.00504
-4.29492 0.962172
-3.67191 0.91217
-3.04806 0.833892
-2.42887 0.690918
-1.81183 0.540941
-1.20165 0.390285
-0.628353 0.237171
-0.039558 0.154122
0.523808 0.0569635
0.82521 -0.00687643
0.806547 -0.002316
1.30607 -0.116068
1.92558 -0.159051
2.55542 -0.169972
3.19515 -0.218511
3.82335 -0.282466
4.4592 -0.344331
5.08732 -0.375814
5.36879 -0.402509
5.36564 -0.403781
5.37065 -0.187448
5.35275 0.438514
5.32635 1.06397
5.28901 1.70824
5.23157 2.34917
5.13768 2.9852
5.06088 3.33018
5.0635 3.33964
5.06486 3.34018
5.06624 3.34278
5.07923 3.32513
5.09275 3.3199
5.10503 3.32046
5.12662 3.30299
5.13108 3.2885
5.08705 2.64837
5.03928 2.01505
4.95369 1.39845
4.86151 0.781815
4.7407 0.172112
4.70638 0.0184236
4.74237 0.0285211
4.80561 0.0182824
4.85146 0.0394611
4.85411 0.0650091
4.8535 0.0654824
4.8676 0.0743734
4.86811 0.0726036
4.98404 0.00366015
5.56011 -0.301321
6.13827 -0.502948
6.7274 -0.686326
6.9658 -0.756591
6.95222 -0.752125
6.95457 -0.841062
6.9724 -1.43193
6.97008 -2.05172
6.95684 -2.8401
6.94256 -3.11416
6.94068 -3.1231
6.92883 -3.1376
6.91478 -3.14161
6.89425 -3.14086
6.88835 -3.13042
6.89097 -3.11473
6.89187 -3.11345
6.87991 -3.11856
6.86494 -3.11558
6.85657 -3.11774
6.94156 -2.88671
7.04419 -2.61846
6.97476 -2.28193
6.91914 -1.99242
7.02768 -1.8695
7.47376 -1.43429
7.93159 -0.996453
7.95262 -0.971193
7.97728 -0.967106
7.98354 -0.970527
8.41074 -1.31986
8.8821 -1.68549
9.3593 -2.08954
9.69609 -2.39076
9.68384 -2.38351
9.73517 -2.34879
10.2855 -1.97068
10.786 -1.55936
11.2528 -1.11126
11.4146 -0.934104
11.4225 -0.923876
11.4116 -0.91918
11.4157 -0.917908
11.4181 -0.915651
11.5116 -1.04706
11.9524 -1.47198
12.4319 -1.84882
12.8816 -2.24942
12.9109 -2.27821
12.7677 -2.26522
12.7599 -2.26467
12.7639 -2.19799
12.7377 -2.18196
12.9799 -2.10036
12.9913 -2.095
12.99 -2.09505
13.0022 -2.08828
12.9303 -2.15587
12.4864 -2.60213
12.0524 -3.03355
11.5202 -3.35321
10.9651 -3.62007
10.4325 -3.84012
10.4463 -3.83253
10.4504 -3.79739
10.5772 -4.1105
10.7996 -4.65916
10.8872 -4.91688
10.8859 -4.89244
10.8995 -4.86632
10.4054 -5.0804
9.82701 -5.29417
9.24226 -5.49661
8.64414 -5.74673
8.36217 -5.88009
8.07106 -5.87088
7.63294 -5.83777
7.63656 -5.83654
7.69073 -5.81101
7.69353 -5.80633
7.69017 -5.81074
7.69437 -5.81072
7.69323 -5.81096
7.68641 -5.81494
7.68505 -5.81518
7.71677 -5.81643
8.37773 -5.82509
9.02228 -5.86226
9.36336 -5.89695
9.3398 -5.89402
9.35117 -5.89779
9.35587 -5.9046
9.32887 -6.44216
9.30771 -7.08338
9.2409 -7.72242
9.19976 -8.37094
9.15568 -8.84089
9.15358 -8.84734
9.16054 -8.84227
9.17839 -8.84017
9.18721 -8.84475
9.18674 -8.84759
9.18972 -8.8325
9.1943 -8.82734
9.19315 -8.82811
9.20416 -8.80611
9.3435 -8.18265
9.46463 -7.54562
9.54779 -6.90815
9.59259 -6.43762
9.592 -6.43701
9.58887 -6.4427
9.85106 -6.4178
10.4472 -6.38379
11.0788 -6.3684
11.4324 -6.38485
11.4257 -6.38269
11.4166 -6.34773
11.4024 -6.74602
11.3446 -7.3622
11.2652 -7.87249
11.2762 -7.85009
11.5308 -7.91925
12.1164 -8.04342
12.672 -8.18616
13.2457 -8.35906
13.8638 -8.56858
14.4597 -8.8271
14.9164 -9.03567
14.9249 -9.04042
14.9433 -9.06474
14.9446 -9.07019
14.9435 -9.07173
14.9461 -9.07125
14.9487 -9.0715
14.9534 -9.08168
14.9542 -9.09079
14.9526 -9.09418
14.9534 -9.09323
14.9497 -9.07715
14.9543 -9.07859
14.9605 -9.08113
14.5317 -8.92974
13.9306 -8.74893
13.3266 -8.54418
12.7143 -8.37274
12.0997 -8.19948
11.6277 -8.09813
11.6327 -8.09705
11.6402 -8.08676
11.6272 -8.31631
11.5727 -8.92085
11.4946 -9.53246
11.434 -10.1552
11.3979 -10.7785
11.3996 -11.3947
11.3391 -12.0158
11.2165 -12.6427
11.2814 -13.209
11.363 -13.7859
11.3952 -14.4798
11.3954 -14.9249
11.3989 -14.913
11.6411 -14.938
12.2341 -15.0113
12.8168 -15.1731
13.387 -15.3774
14.0091 -15.6029
14.367 -15.7575
14.3646 -15.7386
14.3855 -15.6961
14.3799 -15.6849
14.3118 -15.6668
13.6992 -15.4943
13.1118 -15.3081
12.5175 -15.1677
11.9238 -15.024
11.4012 -14.9066
11.2329 -14.8648
11.2544 -14.84
11.1942 -15.233
11.1094 -15.8533
11.0117 -16.4275
10.9136 -16.9694
10.8036 -17.538
10.6621 -18.117
10.4859 -18.6857
10.28 -19.2887
10.0389 -19.8893
9.77499 -20.4659
9.67909 -20.6519
9.67661 -20.6418
9.67744 -20.6422
9.68092 -20.6425
10.0382 -20.7233
10.6457 -20.8667
11.2068 -21.0314
11.8161 -21.2357
12.4045 -21.4844
12.993 -21.708
13.6245 -21.8457
13.7461 -21.8752
13.7664 -21.873
13.7881 -21.8316
13.8065 -21.8789
13.8135 -21.8783
13.8253 -21.8699
13.8266 -21.8614
13.8253 -21.8418
13.8327 -21.8262
13.85 -21.8182
13.7127 -21.7663
13.1196 -21.4849
12.5394 -21.2125
11.9346 -20.9965
11.3341 -20.8281
10.7575 -20.6733
10.7654 -20.6768
10.7584 -20.6686
10.7355 -20.6474
10.5566 -20.648
9.98575 -20.5734
9.38071 -20.487
8.77104 -20.4219
8.82175 -20.4361
8.7612 -20.4428
8.71077 -20.9693
8.6642 -21.5461
8.60292 -22.1189
8.55374 -22.4802
8.54673 -22.4854
8.51546 -22.5559
8.55585 -22.6132
8.64756 -22.6419
8.64963 -22.6435
8.64186 -22.6248
8.63091 -22.5904
8.49321 -21.9376
8.3193 -21.2982
8.1136 -20.6756
7.88116 -20.0628
7.74563 -19.7554
7.7395 -19.7439
7.16049 -19.6124
6.57273 -19.5455
5.96109 -19.5412
5.33821 -19.5219
4.80037 -19.5507
4.25236 -19.598
3.71663 -19.6763
3.17105 -19.7487
2.99299 -19.7709
3.00048 -19.7622
2.90719 -20.3667
2.871 -20.9866
2.7946 -21.6571
2.70211 -22.2569
2.62011 -22.6354
2.62057 -22.6507
2.65846 -22.6732
2.69106 -22.6594
2.65376 -22.4236
2.58732 -21.8107
2.59065 -21.1615
2.54506 -20.5128
2.55207 -19.9214
2.53656 -19.534
2.53234 -19.5105
2.5222 -19.5072
1.92465 -19.3569
1.45004 -19.2217
1.4833 -19.2319
1.48983 -19.227
1.49921 -19.7095
1.50104 -20.3283
1.355 -20.9284
1.17409 -21.5338
1.00071 -22.1048
0.802359 -22.6819
0.932506 -22.3617
1.05377 -22.1152
1.03439 -22.1401
0.932125 -22.1366
0.825002 -22.0886
0.762325 -22.0101
0.85166 -21.6438
1.05814 -21.0347
1.2598 -20.425
1.41813 -19.8292
1.5223 -19.3042
1.52549 -19.2908
1.45684 -19.2812
0.794036 -19.304
0.150198 -19.3074
-0.472664 -19.28
-1.07128 -19.2148
-1.45933 -19.1392
-2.06972 -19.0429
-2.68351 -18.9401
-3.28196 -18.8349
-3.85142 -18.7035
-4.34053 -18.563
-4.33486 -18.5618
-4.3975 -18.7253
-4.50923 -19.3463
-4.43973 -19.9855
-4.19594 -20.5941
-4.00267 -21.1798
-4.08264 -21.8158
-4.09559 -21.9651
-4.05728 -21.9808
-4.0273 -21.9524
-4.04251 -21.6554
-4.06316 -21.1021
-4.07272 -20.5004
-4.1901 -19.8865
-4.38734 -19.2735
-4.50729 -18.7833
-4.51013 -18.7698
-4.69144 -18.7515
-5.28807 -18.6963
-5.87836 -18.7148
-5.88632 -18.7128
-5.90009 -18.8091
-5.96167 -19.4152
-6.00887 -19.9792
-6.06144 -20.5708
-6.09795 -21.1943
-6.1847 -21.81
-6.22583 -22.0997
-6.13495 -21.5134
-6.0734 -21.2409
-6.0545 -21.2202
-6.01919 -21.2118
-6.00419 -21.2201
-5.99551 -21.2313
-5.9738 -21.0057
-5.92741 -20.4222
-5.96931 -19.9746
-6.1406 -19.3991
-6.32927 -18.8081
-6.42559 -18.536
-6.3787 -18.5829
-6.7811 -18.7499
-7.22694 -18.8932
-7.81973 -19.0531
-8.4162 -19.1819
-8.97874 -19.3291
-9.51246 -19.5059
-9.90587 -19.6431
-9.8916 -19.6365
-9.86928 -19.7042
-9.84582 -19.7716
-9.82705 -19.7661
-9.82083 -19.7619
-9.83177 -19.7993
-9.50366 -19.586
-8.94329 -19.2656
-8.43374 -18.897
-8.00376 -18.5286
-7.52775 -18.2072
-7.01884 -17.8642
-6.52922 -17.4757
-6.02268 -17.049
-5.59635 -16.7262
-5.57161 -16.7247
-5.56176 -16.7304
-5.60111 -16.6889
-5.60512 -16.6789
-5.59527 -16.6878
-5.57635 -16.6732
-6.04832 -16.7273
-6.60069 -16.7066
-7.22755 -16.6748
-7.86182 -16.6581
-8.48328 -16.5954
-9.24585 -16.4832
-9.86302 -16.3732
-10.476 -16.266
-11.094 -16.1555
-11.11 -16.1533
-11.1313 -16.1757
-11.1309 -16.2214
-11.1022 -16.2402
-10.7768 -16.2335
-10.1397 -16.19
-9.49977 -16.1608
-8.86279 -16.0953
-8.24082 -15.9982
-7.59307 -15.8924
-7.45092 -15.8624
-7.45011 -15.8637
-7.51418 -15.3068
-7.58092 -14.7036
-7.58189 -14.6911
-7.57513 -14.6918
-8.15361 -14.6572
-8.75677 -14.5685
-9.25909 -14.5336
-9.23791 -14.5331
-9.23787 -14.5331
-9.24001 -14.5241
-9.22989 -14.5002
-9.20897 -14.4892
-8.66475 -14.5016
-8.01682 -14.6088
-7.43698 -14.7449
-7.35241 -14.7656
-7.34184 -14.7455
-7.38001 -14.4712
-7.44697 -13.8449
-7.49327 -13.2022
-7.50949 -12.5572
-7.4997 -11.9226
-7.47289 -11.2868
-7.40738 -10.6403
-7.43683 -10.0547
-7.43453 -9.50708
-7.47934 -8.89709
-7.47833 -8.86025
-7.54478 -8.82977
-8.12186 -8.75935
-8.54349 -8.7119
-8.52991 -8.71099
-8.53019 -8.71229
-8.52604 -8.72161
-8.49638 -8.72225
-7.86082 -8.60877
-7.20726 -8.52574
-7.1157 -8.51495
-7.11149 -8.50019
-7.10274 -7.916
-7.12835 -7.36438
-7.12853 -7.36346
-7.33635 -7.34218
-7.94774 -7.30954
-8.55828 -7.3083
-9.15517 -7.29452
-9.34684 -7.28104
-9.3315 -7.28722
-9.46138 -7.00987
-9.6957 -6.42845
-9.79606 -6.19461
-9.7972 -6.15343
-9.78273 -6.10835
-9.74794 -6.07347
-9.70492 -6.07751
-9.69174 -6.0886
-9.40048 -6.49214
-9.01458 -6.98726
-8.78319 -7.2103
-8.20024 -7.28773
-7.59095 -7.3405
-7.62654 -7.36408
-7.65198 -7.37408
-7.57256 -7.05691
-7.43559 -6.42085
-7.35074 -5.76404
-7.30348 -5.10322
-7.32495 -4.46859
-7.38966 -3.84061
-7.38298 -3.20917
-7.37353 -2.57902
-7.41796 -1.94583
-7.48892 -1.34456
-7.52344 -1.13589
-7.52615 -1.13572
-8.11714 -1.11074
-8.73755 -0.990916
-9.33846 -0.879853
-9.34426 -0.879583
-9.34323 -0.878357
-9.34854 -0.874167
-9.33076 -0.880523
-9.30965 -0.869439
-9.28554 -0.855104
-9.06658 -0.894425
-8.48258 -1.03709
-7.89767 -1.18628
-7.36071 -1.33343
-7.37002 -1.33172
-7.3627 -1.2901
-7.24511 -0.683859
-7.0587 -0.091599
-6.95967 0.529684
-6.86215 1.14291
-6.77971 1.76695
-6.6946 2.36481
-6.59631 2.96708
-6.48101 3.53611
-6.37081 4.09121
-6.31838 4.34018
-6.32175 4.35429
-6.36116 4.36009
-6.38952 4.33748
-6.38735 4.32414
-6.39514 4.3292
-6.41654 4.33989
-6.42297 4.34451
-6.42095 4.34039
-6.4504 4.09326
-6.53522 3.52757
-6.61699 2.90027
-6.71672 2.27283
-6.80769 1.64137
-6.92194 1.0168
-6.95277 0.824184
-6.95454 0.824885
-6.60166 0.821547
-5.97706 0.796676
-5.35538 0.736806
-4.76324 0.695787
-4.17877 0.629856
-3.5866 0.581
-2.93103 0.497452
-2.27659 0.410205
-1.62873 0.29
-1.10875 0.187485
-1.08346 0.198248
-1.06848 0.307166
-1.03209 0.966656
-0.976409 1.61083
-0.890834 2.2211
-0.850827 2.83235
-0.807153 3.41811
-0.799958 3.58179
-0.80687 3.59063
-0.796492 3.59102
-0.777512 3.60152
-0.762295 3.59142
-0.74296 3.57762
-0.714516 3.56829
-0.692274 3.54833
-0.685501 3.53247
-0.805153 2.9762
-0.957218 2.43418
-1.00788 2.23422
-0.906844 1.59488
-0.871511 1.14515
-0.871844 1.19452
-0.929281 0.554588
-1.14598 -0.040197
-1.30505 -0.371741
-1.30495 -0.372579
-1.28831 -0.390213
-1.26054 -0.400895
-1.25105 -0.380787
-1.25242 -0.376704
-1.56693 -0.224495
-2.10257 0.041376
-2.63441 0.360346
-3.18565 0.656055
-3.7971 0.767899
-4.39561 0.720208
-4.40961 0.715648
-4.69132 0.300375
-5.0471 -0.216674
-5.3379 -0.633389
-5.7538 -1.18033
-6.12823 -1.62513
-6.54763 -2.11607
-6.86778 -2.49412
-6.87549 -2.50509
-6.86886 -2.98116
-6.83904 -3.54222
-6.78302 -4.11404
-6.73427 -4.75711
-6.66892 -5.39278
-6.69323 -5.50726
-6.84182 -6.05739
-6.95809 -6.61439
-7.0652 -7.14985
-7.18513 -7.73147
-7.30244 -8.23281
-7.23149 -8.49537
-7.08243 -9.15914
-7.09717 -9.68029
-7.12359 -10.3066
-7.18074 -10.9209
-7.24645 -11.5349
-7.34115 -12.1349
-7.4536 -12.6958
-7.57588 -13.1713
-7.57604 -13.1701
-7.40948 -13.737
-7.23588 -14.3321
-7.07208 -14.9429
-6.91526 -15.55
-6.75223 -16.2074
-6.65801 -16.843
-6.60878 -17.4671
-6.60566 -18.0629
-6.62363 -18.5189
-6.61888 -18.5436
-6.63745 -18.5362
-6.08964 -18.519
-5.49311 -18.5397
-4.87311 -18.5991
-4.25664 -18.6728
-3.64932 -18.7865
-3.12915 -18.9005
-2.51821 -19.032
-1.90083 -19.1128
-1.27612 -19.2417
-1.09734 -19.287
-0.691063 -19.2239
-0.113544 -19.1323
0.493224 -19.0959
1.12626 -19.1296
1.72939 -19.2991
2.33249 -19.4711
2.96521 -19.4989
3.5895 -19.4845
4.17715 -19.5235
4.72361 -19.5946
5.25209 -19.6838
5.72151 -19.7919
6.16539 -19.9108
6.76056 -20.07
7.34895 -20.2412
7.9692 -20.3657
8.58636 -20.4421
9.20423 -20.4792
9.82053 -20.5541
10.2665 -20.6084
10.2999 -20.6018
10.3081 -20.5939
10.311 -20.6228
10.3139 -20.6519
10.2899 -20.3204
10.2449 -19.7356
10.3178 -19.1536
10.4501 -18.5513
10.5546 -17.9452
10.6523 -17.3365
10.7814 -16.716
10.8944 -16.1073
11.0013 -15.501
11.0912 -14.8977
11.1716 -14.3042
11.2203 -13.7753
11.2623 -13.1773
11.2819 -12.5821
11.285 -11.9861
11.2618 -11.3667
11.2406 -10.7486
11.2347 -10.1304
11.2113 -9.51839
11.1958 -8.90944
11.1717 -8.29696
11.1581 -7.71228
11.1355 -7.09811
11.1105 -6.51462
11.0705 -5.92618
11.0035 -5.32225
10.9514 -4.67919
10.9277 -4.27794
10.9569 -4.30115
10.4934 -3.94459
10.0528 -3.54745
9.6855 -3.07866
9.3358 -2.58174
8.99617 -2.04833
8.64299 -1.55532
8.24755 -1.07629
7.83483 -0.646895
7.59926 -0.428251
7.49821 -0.414545
6.94234 -0.35759
6.32702 -0.316526
5.71943 -0.252395
5.08176 -0.25445
4.46972 -0.206543
3.84532 -0.168174
3.07596 -0.132832
2.48976 -0.119735
1.93059 -0.0586708
1.33492 -0.0355871
0.718688 -0.00189594
0.0965737 0.0242287
0.0417136 0.0285382
0.0483865 0.0284203
-0.579091 0.0311424
-1.20816 -0.00514383
-1.36981 -0.0123371
-1.35297 -0.00390695
-1.36421 -0.167307
-1.38265 -0.730625
-1.43443 -1.36185
-1.53731 -2.01651
-1.66029 -2.67078
-1.7983 -3.32335
-1.84252 -3.4979
-1.84318 -3.50193
-1.79239 -3.52557
-2.11134 -3.39881
-2.70043 -3.26946
-3.31492 -3.09121
-3.27006 -3.091
-3.2208 -3.09695
-3.22433 -3.13397
-3.18045 -3.17899
-3.18845 -3.18738
-3.16449 -3.14429
-3.1512 -3.12885
-3.18407 -3.1411
-2.89161 -3.20695
-2.31398 -3.30582
-1.7294 -3.37537
-1.04501 -3.45309
-0.395272 -3.54364
0.0474161 -3.61163
0.0995331 -3.61853
0.128546 -3.49983
0.101286 -3.45032
0.193644 -3.47085
0.186011 -3.47845
0.0414698 -4.10527
-0.141578 -4.77489
-0.284343 -5.26159
-0.289633 -5.26891
-0.267153 -5.25727
-0.53943 -5.19474
-1.11861 -5.10653
-1.67405 -5.03469
-1.65516 -5.03431
-1.64256 -5.026
-1.64369 -5.02884
-1.64411 -5.02955
-2.12098 -5.27442
-2.57503 -5.49701
-2.54154 -5.49677
-3.06454 -5.41685
-3.63526 -5.33252
-3.63212 -5.33296
-3.65107 -5.3675
-3.90664 -5.9881
-4.15683 -6.56449
-4.1675 -6.59153
-4.5985 -6.87088
-4.7686 -6.9827
-4.76302 -7.03038
-4.68194 -7.07441
-4.71036 -7.08084
-4.33505 -6.58457
-3.94306 -6.06854
-3.57069 -5.54489
-3.5124 -5.47023
-3.50181 -5.46066
-2.97568 -5.42988
-2.36891 -5.41511
-1.81254 -5.41798
-1.79934 -5.43057
-1.76836 -5.45805
-1.76855 -5.45719
-1.85095 -5.78025
-2.02672 -6.37491
-2.23389 -6.93696
-2.23994 -6.95233
-2.18086 -7.2171
-2.18167 -7.227
-2.30894 -7.83746
-2.44697 -8.47422
-2.60224 -9.09698
-2.72826 -9.57459
-2.72743 -9.58405
-2.69661 -10.2117
-2.75055 -10.8568
-2.82661 -11.4655
-2.99788 -11.9951
-3.03329 -12.5756
-2.99871 -13.2161
-3.00759 -13.8342
-3.00369 -14.4189
-2.99051 -15.0687
-2.98745 -15.1678
-2.98644 -15.1659
-2.97728 -15.1595
-3.53891 -15.3662
-3.72747 -15.4332
-3.72152 -15.4352
-4.26981 -15.253
-4.82593 -15.1269
-5.44991 -15.0043
-5.52838 -14.992
-5.52259 -14.9981
-5.52186 -14.9946
-5.50295 -15.0051
-4.91288 -14.9381
-4.13704 -15.0608
-3.52385 -15.2769
-2.97449 -15.5038
-2.71938 -15.6099
-2.70705 -15.622
-2.70708 -15.622
-2.76029 -15.926
-2.91309 -16.5609
-3.03386 -17.0709
-3.02964 -17.0608
-3.01637 -17.0481
-3.3776 -17.0044
-3.97366 -16.9562
-4.55284 -16.9199
-5.1292 -16.8718
-5.70278 -16.8117
-6.28138 -16.798
-6.86752 -16.7956
-6.91705 -16.7976
-6.99589 -16.8861
-6.9933 -16.898
-6.96625 -16.9004
-6.94254 -16.8882
-7.00715 -16.5724
-7.14821 -15.9501
-7.25234 -15.3451
-7.38503 -14.7756
-7.51624 -14.1748
-7.58099 -13.5717
-7.6088 -12.9326
-7.51288 -12.2986
-7.42561 -11.6648
-7.36754 -11.0203
-7.32389 -10.378
-7.31714 -9.83922
-7.31739 -9.83805
-7.26236 -9.82396
-7.21496 -9.80443
-7.21862 -9.85649
-7.22434 -10.4435
-7.21937 -11.0792
-7.21932 -11.6791
-7.24489 -12.3035
-7.28453 -12.933
-7.3667 -13.5472
-7.46079 -14.1692
-7.57716 -14.7793
-7.7051 -15.3933
-7.8397 -15.9992
-7.89282 -16.2539
-7.89309 -16.2503
-7.83585 -16.2645
-7.21978 -16.4104
-6.58467 -16.522
-5.95451 -16.6293
-5.32087 -16.7211
-4.66496 -16.8034
-4.03561 -16.8904
-3.37316 -16.9944
-3.04241 -17.0325
-3.01059 -17.0315
-3.00512 -16.9455
-3.00216 -16.3431
-2.9643 -15.7662
-2.93962 -15.1401
-2.93769 -14.5139
-2.83782 -13.8963
-2.77111 -13.2668
-2.79232 -12.6518
-2.73896 -12.019
-2.71787 -11.3965
-2.73214 -10.7714
-2.76646 -10.1793
-2.65522 -9.58456
-2.54959 -9.01892
-2.46706 -8.42625
-2.33245 -7.8122
-2.22277 -7.18445
-2.13854 -6.5601
-2.07638 -5.93995
-1.94693 -5.32845
-1.83103 -4.72016
-1.76564 -4.12145
-1.68754 -3.41157
-1.52829 -2.82017
-1.48808 -2.28807
-1.4677 -1.73542
-1.47635 -1.14519
-1.43039 -0.495785
-1.45127 0.0978802
-1.1998 0.190968
-1.13936 0.055605
-1.20686 0.0306566
-0.636148 0.0776162
-0.00781137 -0.0127781
0.0966945 -0.0361824
0.0966925 -0.0362547
