1.59099e-14 3.01735e-14 -2.25649e-15
4.15448 -0.0665288 0.000389663
8.31292 -0.179096 -0.0132143
12.599 -0.187235 -0.0907467
16.7853 -0.109723 -0.0654002
20.9308 0.0233224 -0.09125
25.4467 0.109004 -0.145954
29.5201 0.149898 -0.230733
34.0001 0.271836 -0.350724
38.2867 0.804014 -0.464887
42.1725 2.31621 -0.622156
45.6279 4.89832 -0.719676
48.1099 8.15315 -0.7824
50.0084 12.0353 -0.857181
51.5289 15.7782 -0.927873
52.7598 19.6242 -0.994031
52.2868 23.9288 -1.02209
50.2081 27.3565 -0.915552
47.1057 30.213 -0.836183
43.4791 32.6007 -0.755865
39.8286 34.7898 -0.670071
35.7922 37.0459 -0.594851
32.2208 38.9535 -0.478245
28.4158 40.8688 -0.393786
24.249 42.8247 -0.313713
20.1656 44.5714 -0.240633
15.7343 46.2832 -0.163415
11.1546 47.9046 -0.103481
7.24683 49.15 -0.0601144
2.41711 50.4793 0.00961335
-2.39099 51.6296 0.0477914
-7.03263 52.5908 0.0947026
-11.8452 53.4763 0.112203
-16.4784 54.2165 0.115996
-21.0069 54.7983 0.0972617
-25.4914 55.2582 0.0680677
-29.7706 55.5722 0.0102885
-34.015 55.7392 -0.020781
-38.7279 55.7279 -0.117363
-42.9643 55.5537 -0.192896
-47.4124 55.215 -0.231006
-51.5317 54.7099 -0.338946
-55.6119 54.2339 -0.422923
-59.742 54.4764 -0.552949
-63.3198 56.2643 -0.754005
-65.7613 59.7428 -0.761107
-67.577 63.5774 -1.02148
-69.1137 67.715 -1.25397
-70.0682 71.6609 -1.54359
-70.6644 75.8459 -1.60189
-70.6278 79.9378 -1.4595
-69.9569 84.1653 -1.52734
-68.3673 88.2709 -1.77203
-65.9517 91.5363 -1.97387
-63.0779 94.695 -2.14365
-60.1521 98.0101 -2.31739
-57.3483 101.403 -2.51355
-54.4864 104.977 -2.75618
-51.6221 108.642 -2.96809
-48.7648 112.453 -3.19844
-46.4092 115.661 -3.41781
-43.7415 119.438 -3.69885
-41.1625 123.238 -3.95513
-38.6571 126.932 -4.16203
-36.205 130.505 -4.34011
-33.636 134.247 -4.51688
-31.0211 138.181 -4.6894
-28.5322 142.061 -4.85869
-26.1344 145.972 -5.01694
-23.966 149.419 -5.17139
-21.7088 153.053 -5.31713
-19.6205 156.955 -5.47318
-18.2106 161.085 -5.69012
-18.2859 165.176 -5.95129
-20.1118 169.06 -6.25642
-23.1524 172.033 -6.32133
-26.6228 174.135 -6.37073
-29.8085 176.753 -6.60409
-31.0303 180.856 -6.77211
-29.6522 184.829 -6.90114
-27.3049 188.308 -7.06241
-24.9872 191.56 -7.25875
-22.6076 194.983 -7.45035
-20.2869 198.486 -7.65632
-18.1535 201.994 -7.84665
-16.7334 206.093 -8.0439
-17.0165 210.234 -8.21954
-19.1711 213.889 -8.3629
-22.4664 216.424 -8.40047
-25.9418 218.405 -8.55959
-29.5976 220.615 -8.74055
-33.2216 223.134 -8.88056
-36.4528 225.534 -9.01047
-39.8225 228.011 -9.1245
-43.2643 230.445 -9.24065
-46.9154 232.884 -9.36021
-50.6471 235.262 -9.59382
-54.3661 237.604 -9.78256
-57.9633 239.865 -9.95307
-61.6058 242.143 -10.1432
-65.3583 244.491 -10.3394
-68.7617 246.598 -10.5189
-72.5029 248.68 -10.6515
-76.6293 250.123 -10.8301
-80.7821 250.329 -10.9795
-84.8196 249.183 -10.9923
-88.1213 246.782 -10.8871
-90.3225 243.26 -10.6886
-90.4024 239.067 -10.3955
-88.4289 235.468 -10.0782
-85.2367 232.656 -9.80608
-81.6397 230.246 -9.63248
-77.9645 228.018 -9.4991
-74.0047 225.656 -9.34078
-70.5338 223.564 -9.19004
-67.0017 221.449 -9.03166
-63.3524 219.234 -8.86568
-59.8523 217.115 -8.66953
-56.2626 214.917 -8.44118
-52.8833 212.753 -8.34046
-49.0579 210.299 -8.22965
-45.3428 207.906 -8.1013
-41.6368 205.589 -7.96397
-38.243 203.446 -7.82815
-34.6 201.145 -7.61439
-31.2581 198.726 -7.52743
-28.6691 195.563 -7.43031
-27.9403 191.516 -7.22199
-29.2443 187.76 -7.01348
-31.3913 184.441 -6.89322
-33.8207 180.868 -6.78767
-36.0921 177.362 -6.67413
-38.3271 173.719 -6.56267
-40.643 170.089 -6.43395
-42.9194 166.563 -6.2654
-45.0484 163.154 -6.09855
-47.1499 159.62 -5.91492
-49.326 156.158 -5.74229
-52.2847 153.166 -5.67768
-56.0241 151.682 -5.67488
-60.006 151.83 -5.69108
-64.1285 153.238 -5.73028
-68.0222 155.187 -5.92558
-71.5472 157.2 -6.05557
-75.1736 159.361 -6.16184
-78.874 161.594 -6.27634
-82.6018 163.883 -6.38041
-86.3889 166.233 -6.4879
-89.7527 168.361 -6.6832
-93.1391 170.535 -6.8932
-96.9499 173.004 -7.09075
-100.615 175.413 -7.25323
-104.099 177.735 -7.39705
-107.755 180.203 -7.56021
-111.064 182.433 -7.67711
-114.488 184.616 -7.79532
-118.581 186.27 -8.00928
-122.96 186.291 -8.14767
-126.86 184.393 -8.21541
-129.278 181.116 -8.15211
-129.999 176.718 -7.93214
-129.063 172.717 -7.68148
-126.741 169.06 -7.41629
-123.67 166.261 -7.20684
-120.034 163.962 -7.11862
-116.044 161.865 -6.97795
-112.544 159.9 -6.83806
-109.028 157.844 -6.69581
-105.36 155.578 -6.5323
-101.847 153.31 -6.34588
-98.2957 150.947 -6.12429
-94.6431 148.478 -5.98487
-91.0982 146.042 -5.90046
-87.5328 143.579 -5.76563
-84.0256 141.167 -5.63672
-80.7387 138.907 -5.48735
-77.0138 136.624 -5.33112
-72.9801 135.08 -5.16664
-68.912 134.578 -5.17177
-64.7675 135.168 -5.19162
-60.9247 137.014 -5.27491
-57.8288 139.895 -5.39672
-55.451 143.196 -5.47155
-53.1611 146.693 -5.54643
-50.9825 150.135 -5.60599
-48.6605 153.798 -5.68137
-46.2701 157.541 -5.84377
-44.0601 160.985 -5.99938
-41.9052 164.359 -6.1573
-39.731 167.761 -6.31335
-37.6597 171.194 -6.47455
-36.545 175.058 -6.60772
-37.1077 179.055 -6.73508
-39.3363 182.509 -6.81885
-42.5633 185.23 -6.76276
-46.0279 187.51 -6.62604
-49.7383 189.792 -6.5266
-53.182 191.915 -6.47276
-56.5995 194.038 -6.40103
-60.1634 196.236 -6.34126
-63.7307 198.443 -6.27354
-67.2297 200.62 -6.23649
-70.9192 202.886 -6.19861
-74.4316 205.039 -6.16048
-77.9825 207.213 -6.13813
-81.4488 209.329 -6.09494
-85.2064 211.585 -6.06561
-88.7219 213.664 -6.03691
-92.2488 215.818 -6.0102
-95.5597 218.278 -6.10441
-98.0919 221.738 -6.38767
-98.6383 226.092 -6.61728
-96.9156 229.825 -6.77067
-93.303 232.243 -6.88008
-89.2596 232.544 -6.82391
-85.452 231.341 -6.64544
-81.6522 229.255 -6.52589
-78.2153 227.161 -6.42284
-74.5964 224.953 -6.26768
-70.8641 222.675 -6.1283
-67.2473 220.472 -5.95353
-63.6761 218.324 -5.78279
-60.1419 216.218 -5.61568
-56.5788 214.117 -5.46138
-53.0696 212.045 -5.36363
-49.5703 209.944 -5.27555
-45.7238 207.55 -5.19508
-42.2322 205.191 -5.08128
-38.9514 202.758 -4.92852
-35.3965 200.21 -4.78143
-31.7194 198.241 -4.71255
-27.6249 197.488 -4.7613
-23.3728 198.53 -4.83402
-20.0429 201.125 -4.96297
-18.0769 204.796 -5.13548
-17.7023 208.945 -5.35058
-19.0971 213.039 -5.5363
-21.6999 216.056 -5.6111
-24.9041 218.432 -5.72839
-28.4735 220.671 -5.86175
-32.1346 222.852 -5.97253
-35.8491 225.02 -6.07428
-39.5498 227.152 -6.17638
-43.289 229.337 -6.28313
-47.0721 231.572 -6.40547
-50.7958 233.813 -6.56306
-54.611 236.107 -6.74121
-58.384 238.414 -6.9478
-62.0784 240.692 -7.09416
-65.7228 242.987 -7.19133
-69.1804 245.227 -7.31441
-72.7064 247.558 -7.44526
-76.2185 249.561 -7.63272
-80.4098 250.603 -7.79124
-84.5444 249.915 -7.79708
-88.0102 247.534 -7.69966
-90.4054 244 -7.55612
-92.3822 240.441 -7.37582
-94.5468 236.615 -7.18282
-96.8531 232.857 -6.9863
-99.1498 229.387 -6.79309
-101.721 225.757 -6.68346
-104.35 222.164 -6.57322
-106.959 218.52 -6.44697
-109.438 214.993 -6.32317
-111.852 211.475 -6.20997
-114.214 207.876 -6.07559
-116.399 204.374 -5.93509
-118.594 200.803 -5.78913
-120.852 197.257 -5.64548
-123.13 193.696 -5.58973
-125.339 190.313 -5.51442
-127.55 186.93 -5.43515
-129.675 183.352 -5.3446
-131.021 179.451 -5.21789
-130.964 175.369 -5.04509
-129.402 171.471 -4.84212
-126.536 168.373 -4.57275
-123.076 166.075 -4.38912
-119.333 163.947 -4.24676
-115.509 161.734 -4.10324
-111.813 159.514 -3.9755
-108.086 157.245 -3.80596
-104.387 154.964 -3.60504
-100.808 152.76 -3.402
-97.1994 150.507 -3.22434
-93.6184 148.243 -3.12135
-89.9895 145.954 -3.03171
-86.2391 143.479 -2.91223
-82.6844 141.014 -2.77784
-79.3198 138.614 -2.63446
-76.0131 136.382 -2.49476
-72.1307 134.457 -2.4204
-67.8979 133.483 -2.39827
-63.8436 133.817 -2.38351
-59.9688 135.613 -2.42183
-56.9135 138.628 -2.5095
-55.3558 142.44 -2.61921
-55.8914 146.586 -2.74111
-58.3234 149.789 -2.83297
-61.8464 152.026 -2.86786
-65.5129 153.787 -2.97
-69.4825 155.782 -3.12832
-73.0626 157.738 -3.24454
-76.6963 159.877 -3.3204
-80.2887 162.058 -3.41379
-83.9538 164.318 -3.50916
-87.6196 166.574 -3.6037
-91.303 168.842 -3.78861
-94.9864 171.112 -3.99815
-98.7677 173.44 -4.20789
-102.355 175.665 -4.36858
-105.925 177.864 -4.49968
-109.437 180.043 -4.63893
-112.861 182.231 -4.76064
-116.196 184.809 -4.92256
-118.758 188.118 -5.18799
-120.014 192.011 -5.41404
-119.765 195.974 -5.55932
-117.515 199.53 -5.68278
-113.719 201.423 -5.71012
-109.613 201.329 -5.60726
-105.936 199.826 -5.38919
-102.409 197.505 -5.05446
-99.1961 195.163 -4.67906
-95.8091 192.787 -4.27398
-92.1975 190.348 -3.8895
-88.5445 187.984 -3.53102
-84.8093 185.644 -3.17965
-81.011 183.327 -2.78331
-77.6015 181.242 -2.43957
-73.8045 178.936 -2.09467
-70.0131 176.668 -1.77001
-66.1569 174.457 -1.4513
-62.5075 172.454 -1.09583
-58.7462 170.47 -0.76118
-55.1435 168.362 -0.392624
-51.8761 165.735 -0.24407
-49.6043 162.252 -0.0954826
-48.9316 158.277 0.0917705
-50.1414 154.226 0.288348
-53.2817 151.323 0.31694
-57.1978 150.468 0.286525
-61.0483 151.428 0.238963
-64.8117 153.543 0.163082
-68.1615 155.858 -0.0310264
-71.7226 158.406 -0.260804
-75.2036 160.839 -0.404904
-78.8485 163.299 -0.523485
-82.4386 165.648 -0.634234
-86.1089 168.037 -0.789588
-89.6941 170.332 -1.00138
-93.2694 172.566 -1.21782
-96.9516 174.847 -1.41616
-100.806 177.186 -1.62277
-104.513 179.397 -1.76371
-108.104 181.491 -1.94003
-111.671 183.599 -2.07887
-115.268 185.601 -2.20934
-119.41 187.022 -2.47477
-123.846 186.843 -2.6404
-127.718 185.038 -2.68938
-130.418 181.866 -2.61685
-131.503 177.809 -2.4762
-130.756 173.535 -2.27258
-128.38 169.923 -2.00067
-125.105 167.063 -1.70604
-121.678 164.796 -1.57185
-118.019 162.627 -1.43219
-114.223 160.473 -1.24465
-110.752 158.501 -1.08857
-106.993 156.255 -0.852353
-103.41 153.988 -0.651236
-99.7899 151.581 -0.462053
-96.2761 149.229 -0.271334
-92.7639 146.855 -0.106048
-89.2169 144.472 0.0280456
-85.812 142.173 0.15684
-82.5033 139.916 0.299916
-79.0434 137.546 0.479811
-75.5988 135.349 0.65843
-71.8535 133.64 0.730185
-67.4648 133.123 0.761657
-63.5731 134.208 0.779309
-60.1073 136.748 0.737052
-57.4593 139.955 0.630631
-55.2293 143.462 0.531932
-53.0055 147.084 0.438191
-50.7636 150.581 0.354968
-48.4777 154.067 0.306186
-46.1458 157.578 0.11228
-43.782 161.138 -0.0451637
-41.4493 164.665 -0.19356
-39.1194 168.209 -0.333686
-36.8262 171.734 -0.48413
-34.5358 175.351 -0.639123
-32.3169 178.957 -0.770814
-30.1298 182.582 -0.909996
-27.9846 186.135 -1.02478
-25.8819 189.618 -1.24682
-23.6485 193.18 -1.43936
-21.4321 196.551 -1.60839
-19.1311 200.188 -1.78243
-17.4814 204.135 -2.00091
-17.0957 208.522 -2.2528
-18.0391 212.421 -2.45123
-20.2139 215.854 -2.60293
-23.4228 218.531 -2.69578
-27.1894 220.694 -2.82936
-31.0269 222.74 -2.9975
-34.8529 224.895 -3.12212
-38.6183 227.142 -3.24201
-42.3323 229.389 -3.36237
-45.8803 231.55 -3.49819
-49.2789 233.643 -3.67928
-52.9553 235.931 -3.8591
-56.6728 238.272 -4.0592
-60.3012 240.587 -4.22986
-63.9456 243.028 -4.40106
-67.2538 245.306 -4.562
-70.7545 247.754 -4.71554
-74.373 249.909 -4.86001
-78.3442 251.069 -5.0619
-82.5789 250.861 -5.13974
-86.3846 249.274 -5.10203
-89.3871 246.022 -4.94641
-90.3158 241.82 -4.72262
-89.3137 237.772 -4.45812
-86.8227 234.19 -4.152
-83.7803 231.401 -3.87813
-80.1632 228.83 -3.72961
-76.7012 226.506 -3.61223
-73.1275 224.164 -3.47155
-69.4534 221.795 -3.28606
-65.7085 219.432 -3.03253
-62.0559 217.161 -2.84485
-58.4878 214.959 -2.67521
-54.8911 212.762 -2.53718
-51.2802 210.583 -2.38994
-47.6015 208.367 -2.27772
-44.086 206.287 -2.18357
-40.5752 204.254 -2.04944
-36.9544 202.073 -1.87046
-33.6649 199.768 -1.6783
-30.6512 196.823 -1.59602
-28.7517 193.126 -1.42069
-28.5022 188.858 -1.18244
-30.35 185.14 -0.995741
-33.9091 182.851 -0.928504
-38.2023 182.533 -0.934412
-41.953 183.958 -1.00288
-45.4811 186.21 -0.981101
-48.9911 188.714 -0.908189
-52.464 191.117 -0.861091
-56.0144 193.577 -0.808005
-59.4902 195.95 -0.776561
-62.8652 198.249 -0.749628
-66.5387 200.694 -0.726861
-70.3571 203.176 -0.67864
-73.8172 205.391 -0.687695
-77.3367 207.617 -0.670089
-80.7991 209.778 -0.615
-84.6702 212.111 -0.565306
-88.2758 214.347 -0.530126
-91.7642 216.768 -0.505673
-94.733 219.603 -0.633892
-96.8665 223.011 -0.881976
-97.7106 227.162 -1.14525
-96.4922 230.997 -1.34188
-93.4402 233.739 -1.48738
-89.3118 234.421 -1.46281
-85.4635 233.102 -1.26468
-81.8488 230.671 -1.08653
-78.525 228.023 -0.927419
-75.0895 225.198 -0.717318
-71.6215 222.32 -0.51523
-68.08 219.51 -0.284479
-64.4992 216.81 -0.0595894
-60.962 214.293 0.180147
-57.2687 211.809 0.40541
-53.7901 209.583 0.547706
-50.4004 207.41 0.674569
-46.8086 205.039 0.813825
-43.266 202.632 1.0034
-39.77 200.256 1.18931
-36.3349 197.946 1.37493
-32.7984 195.709 1.47671
-29.1476 193.886 1.57045
-24.9525 193.317 1.62306
-21.0021 194.642 1.55638
-18.1522 197.682 1.437
-16.7166 201.855 1.22359
-16.5156 206.244 0.944897
-17.4248 210.223 0.698424
-19.3981 213.743 0.514123
-22.2578 216.617 0.389305
-25.6274 219.055 0.174417
-29.2781 221.326 -0.0244726
-32.7379 223.33 -0.143121
-36.7039 225.528 -0.273601
-40.39 227.531 -0.418674
-44.0654 229.508 -0.553465
-48.0064 231.631 -0.690866
-51.8185 233.707 -0.876065
-55.582 235.774 -1.11195
-59.1254 237.765 -1.31621
-63.0831 240.018 -1.51078
-66.8342 242.204 -1.6379
-70.5139 244.366 -1.77554
-74.1969 246.41 -1.88519
-77.9622 248.032 -2.08429
-82.074 248.844 -2.23976
-86.2211 248.485 -2.29137
-90.1601 246.703 -2.25364
-93.3664 243.739 -2.15428
-95.8948 240.043 -1.9682
-98.0376 236.124 -1.7356
-100.101 232.277 -1.48444
-102.318 228.31 -1.33526
-104.348 224.846 -1.20955
-106.505 221.312 -1.05827
-108.688 217.844 -0.919669
-110.932 214.418 -0.746786
-113.281 210.888 -0.623528
-115.618 207.402 -0.469694
-117.91 204.001 -0.299965
-120.351 200.287 -0.113469
-122.691 196.718 0.000171545
-124.99 193.117 0.0925481
-127.195 189.446 0.20766
-129.197 185.81 0.340418
-130.82 181.968 0.511901
-131.514 177.825 0.696956
-131.047 173.707 0.922172
-129.129 169.861 1.1949
-125.991 166.826 1.47928
-122.099 164.357 1.65116
-118.54 162.347 1.79666
-114.889 160.36 1.96122
-111.143 158.323 2.10083
-107.398 156.274 2.31258
-103.734 154.251 2.49833
-100.05 152.199 2.70642
-96.4406 150.14 2.92636
-92.8029 148.021 3.04504
-89.156 145.859 3.16221
-85.5086 143.64 3.29304
-82.0738 141.489 3.44839
-78.364 139.086 3.66551
-74.8516 137.005 3.84073
-70.9954 135.413 3.94114
-66.5974 134.788 3.98581
-62.4853 135.749 4.01304
-59.1542 138.562 3.92234
-57.8066 142.422 3.7903
-58.4388 146.435 3.59856
-60.8738 149.807 3.45306
-64.5079 152.311 3.35804
-68.28 154.299 3.14512
-71.8587 156.179 2.92513
-75.4471 158.144 2.77988
-79.0822 160.219 2.67196
-82.7972 162.447 2.5286
-86.4308 164.728 2.35995
-90.1162 167.056 2.15651
-93.9003 169.433 1.94747
-97.6039 171.706 1.73919
-101.302 173.919 1.50641
-104.841 175.978 1.33427
-108.624 178.119 1.20045
-112.145 180.256 1.08771
-115.359 182.597 0.966652
-118.246 185.742 0.67532
-120.05 189.677 0.389733
-120.518 193.654 0.19074
-119.749 197.619 0.0350213
-117.882 201.387 -0.155013
-115.431 205.043 -0.323753
-113.125 208.356 -0.472549
-110.828 211.658 -0.608592
-108.362 215.315 -0.762702
-106.13 218.629 -0.896214
-103.749 222.271 -1.04219
-101.412 225.939 -1.17372
-99.1181 229.239 -1.27909
-96.1385 231.991 -1.39963
-92.4972 233.63 -1.46787
-88.4259 233.893 -1.39886
-84.4916 232.783 -1.2051
-80.5603 230.601 -1.06202
-77.2003 228.235 -0.946741
-73.9973 225.936 -0.765599
-70.4658 223.426 -0.593261
-66.8129 220.873 -0.364077
-63.3144 218.471 -0.158028
-59.7578 216.087 0.0768033
-56.2697 213.795 0.284993
-52.7725 211.523 0.428332
-49.3595 209.295 0.552685
-45.6332 206.849 0.705756
-42.0669 204.53 0.867948
-38.6863 202.312 1.06247
-35.241 199.739 1.27501
-32.3178 196.677 1.42427
-30.4369 192.841 1.62969
-29.937 188.59 1.8892
-30.9003 184.333 2.09335
-32.6712 180.702 2.23222
-34.8098 177.095 2.37917
-37.1426 173.429 2.53774
-39.5737 169.725 2.71739
-42.0149 166.063 2.87612
-44.4828 162.363 3.05246
-46.8233 158.816 3.2232
-49.1017 155.354 3.41975
-51.4429 151.714 3.52069
-53.7462 148.127 3.62002
-56.0626 144.583 3.72672
-58.5524 141.261 3.8336
-61.6141 138.438 3.90491
-65.3792 136.598 3.92251
-69.4911 136.042 3.91576
-73.8278 136.939 3.87895
-77.4647 138.722 3.69329
-81.0682 141.003 3.48777
-84.8784 143.496 3.31152
-88.612 145.942 3.18577
-91.9175 148.106 3.04799
-95.2552 150.289 2.91113
-98.9274 152.656 2.72777
-102.3 154.804 2.54564
-106.007 157.138 2.31037
-109.677 159.397 2.06004
-113.246 161.552 1.89216
-116.707 163.606 1.77745
-120.451 165.739 1.62499
-123.811 167.923 1.47539
-126.68 170.93 1.212
-128.4 174.932 0.92363
-128.525 179.274 0.697217
-127.313 183.153 0.52773
-125.148 186.991 0.382725
-122.967 190.358 0.27532
-120.833 193.8 0.184045
-118.823 197.266 0.085174
-116.813 200.67 -0.0888414
-114.724 204.096 -0.250198
-112.509 207.619 -0.415185
-110.318 211.067 -0.56175
-108.074 214.621 -0.704898
-105.822 218.179 -0.860723
-103.601 221.709 -1.0025
-101.415 225.216 -1.13771
-99.3249 228.598 -1.26084
-97.1996 232.051 -1.42949
-95.113 235.46 -1.62048
-92.7485 239.234 -1.82639
-90.3295 242.803 -2.00986
-87.6539 246.042 -2.14853
-84.1082 248.45 -2.23651
-79.999 249.117 -2.20337
-75.8294 247.949 -2.01988
-72.0972 246.005 -1.86242
-68.6404 244.026 -1.73929
-64.969 241.886 -1.56095
-61.191 239.647 -1.43701
-57.5251 237.456 -1.2542
-53.8035 235.209 -1.05287
-49.8926 232.822 -0.802453
-46.1041 230.518 -0.600339
-42.5572 228.35 -0.459355
-39.0312 226.197 -0.335597
-35.5669 224.076 -0.200872
-32.1744 221.982 -0.0685286
-28.6321 219.827 0.0922011
-24.8926 217.521 0.301649
-21.4681 214.931 0.463021
-18.7897 211.613 0.619927
-17.7222 207.687 0.832488
-18.3876 203.671 1.07531
-20.3686 200.067 1.26828
-23.5428 197.343 1.39101
-27.6759 196.115 1.42062
-31.8625 196.464 1.42346
-35.6262 197.782 1.39977
-39.2976 199.858 1.20608
-43.0109 202.374 0.975837
-46.2661 204.647 0.833309
-49.5415 206.963 0.721581
-53.2149 209.535 0.552364
-56.9006 212.071 0.366335
-60.5541 214.557 0.166675
-64.2181 217.017 -0.0438483
-67.8964 219.438 -0.248835
-71.5783 221.821 -0.482123
-75.1372 224.072 -0.651713
-79.0032 226.362 -0.829977
-82.7423 228.305 -0.94147
-86.6193 229.774 -1.05274
-90.5978 230.556 -1.20791
-95.0424 230.469 -1.28091
-99.1797 229.159 -1.26662
-102.664 226.872 -1.25289
-105.759 223.826 -1.17463
-108.542 220.456 -1.05675
-110.956 217.212 -0.91759
-113.499 213.454 -0.755495
-115.797 209.744 -0.597748
-117.99 205.989 -0.424442
-119.995 202.367 -0.245909
-121.943 198.633 -0.0443345
-123.778 194.817 0.0484555
-125.448 190.977 0.18058
-126.938 187.057 0.336581
-128.146 183.033 0.516733
-128.642 178.944 0.718919
-127.904 174.865 0.937159
-125.917 171.186 1.21488
-122.903 168.047 1.48085
-119.653 165.618 1.63971
-116.044 163.406 1.78344
-112.359 161.328 1.91652
-108.604 159.255 2.08774
-104.917 157.266 2.31702
-101.29 155.334 2.51845
-97.3839 153.321 2.72931
-93.3881 151.325 2.89222
-89.8768 149.569 3.02609
-86.2595 147.711 3.13894
-82.6165 145.778 3.23092
-79.1109 143.854 3.36995
-75.624 141.913 3.5822
-71.8796 139.903 3.8021
-67.9895 138.274 3.83911
-63.7511 137.622 3.89864
-59.6659 138.361 3.91839
-56.12 140.388 3.89712
-53.2766 143.464 3.80012
-51.2367 147.219 3.67954
-49.9951 151.057 3.55712
-48.8496 154.967 3.43496
-47.4606 158.764 3.21493
-45.4515 162.538 3.03708
-43.1205 166.042 2.8697
-40.6005 169.367 2.72083
-37.9506 172.695 2.5722
-35.3066 175.947 2.42884
-32.8143 179.034 2.30683
-30.4949 182.465 2.16575
-29.1231 186.539 2.02198
-29.4417 190.643 1.75579
-31.3792 194.505 1.53617
-34.5441 197.72 1.39806
-37.9878 200.375 1.18002
-41.2788 202.747 0.970432
-44.7668 205.166 0.81438
-48.3265 207.571 0.678393
-51.8754 209.922 0.517912
-55.4372 212.267 0.350489
-58.9301 214.53 0.219836
-62.3142 216.758 0.022694
-65.9238 219.144 -0.222316
-69.4512 221.548 -0.461467
-72.9343 224.009 -0.662325
-76.3951 226.514 -0.811744
-79.7102 228.956 -0.970358
-82.9707 231.347 -1.10645
-86.5195 233.403 -1.30526
-90.7278 234.298 -1.48548
-94.8106 233.605 -1.50126
-98.324 231.308 -1.39238
-100.496 227.635 -1.23906
-100.677 223.354 -1.02457
-98.8389 219.494 -0.766072
-95.7242 216.549 -0.455444
-92.2609 214.071 -0.383147
-88.7449 211.777 -0.396067
-85.1013 209.48 -0.411461
-81.4328 207.167 -0.457497
-77.7583 204.816 -0.480623
-74.1439 202.49 -0.501131
-70.5065 200.15 -0.51467
-66.873 197.829 -0.541233
-63.3487 195.552 -0.600519
-59.8878 193.327 -0.668049
-56.2212 191.019 -0.710683
-52.7072 188.86 -0.776267
-49.1662 186.744 -0.812856
-45.4427 184.461 -0.916543
-42.1527 182.046 -0.927829
-39.566 178.807 -0.796969
-38.4816 174.743 -0.637777
-39.4733 170.676 -0.446284
-42.3161 167.799 -0.335839
-46.4665 166.75 -0.309428
-50.3317 167.694 -0.339872
-53.885 169.715 -0.397061
-57.2919 171.89 -0.773155
-60.9854 174.228 -1.11431
-64.6677 176.494 -1.46391
-68.3209 178.732 -1.78384
-71.966 180.97 -2.10722
-75.5812 183.183 -2.4416
-79.1604 185.392 -2.78999
-82.8389 187.629 -3.12949
-86.4577 189.829 -3.49189
-90.0497 192.013 -3.83537
-93.6588 194.189 -4.23688
-97.2056 196.305 -4.60499
-100.733 198.438 -4.97067
-104.061 200.731 -5.3637
-106.899 203.735 -5.66491
-108.49 207.733 -5.95027
-108.075 211.835 -6.14353
-105.637 215.144 -6.25317
-101.761 216.656 -6.24516
-97.7399 216.172 -6.07759
-93.8402 214.235 -5.8997
-90.156 211.803 -5.92818
-86.7006 209.506 -5.94374
-83.0067 207.162 -5.94786
-79.6016 205.07 -5.96404
-76.1188 202.955 -6.01941
-72.4987 200.802 -6.06658
-68.8367 198.646 -6.09801
-65.0447 196.39 -6.13615
-61.435 194.234 -6.21152
-57.934 192.129 -6.26002
-54.3218 189.912 -6.32364
-50.8798 187.761 -6.37748
-47.4688 185.627 -6.46642
-44.0215 183.414 -6.60817
-40.5996 181.235 -6.70985
-37.0218 178.992 -6.73277
-33.5022 176.865 -6.6454
-29.9693 174.76 -6.52761
-26.513 172.748 -6.27755
-22.9126 170.506 -6.27149
-20.7234 167.094 -6.17224
-21.2962 162.893 -5.94441
-23.4105 159.349 -5.77084
-25.9203 155.856 -5.62941
-28.3275 152.459 -5.49058
-30.8768 148.663 -5.35177
-33.3352 144.763 -5.18958
-35.4116 141.329 -5.04814
-37.5812 137.569 -4.88561
-39.5592 134.054 -4.744
-41.5409 130.499 -4.56668
-43.6994 126.571 -4.30828
-45.8925 122.817 -4.04999
-47.9956 119.355 -3.75416
-50.0709 115.862 -3.49102
-52.3931 112.23 -3.23564
-55.1494 109.241 -3.05293
-59.0954 107.832 -3.00593
-63.2188 109.124 -2.99092
-66.6635 111.484 -3.0626
-70.0254 113.935 -3.15843
-73.5935 116.371 -3.2555
-76.9993 118.59 -3.34702
-80.6152 120.88 -3.48499
-84.2567 123.134 -3.62413
-87.94 125.379 -3.75478
-91.7643 127.682 -3.92424
-95.6319 130.008 -4.08566
-99.6327 132.382 -4.25267
-103.074 134.432 -4.40941
-106.587 136.517 -4.55938
-110.046 138.584 -4.73659
-113.607 140.725 -4.91847
-117.064 142.817 -5.1139
-120.67 144.997 -5.30531
-124.162 147.09 -5.50557
-127.663 149.221 -5.71301
-131.467 151.572 -5.94784
-135.117 153.874 -6.20305
-138.571 156.129 -6.45469
-142.254 158.512 -6.72869
-146.013 160.286 -6.96959
-150.227 160.83 -7.14526
-154.187 159.581 -7.21821
-157.356 156.606 -7.18095
-159.559 152.926 -7.0624
-161.579 149.08 -6.92602
-163.449 145.516 -6.77677
-165.665 142.059 -6.64594
-168.392 138.952 -6.57653
-171.958 136.925 -6.59385
-176.002 136.672 -6.78022
-179.8 138.14 -6.97986
-183.114 140.615 -7.27448
-184.944 144.254 -7.6462
-184.026 148.602 -7.80216
-181.696 152.299 -7.90952
-179.084 155.999 -8.01977
-176.592 159.543 -8.1088
-173.987 163.32 -8.21995
-171.639 166.749 -8.32172
-168.885 170.769 -8.44824
-166.52 174.207 -8.57329
-164.085 177.732 -8.69668
-161.635 181.263 -8.82894
-159.167 184.802 -8.95371
-156.746 188.264 -9.09933
-154.233 191.87 -9.25241
-152.002 195.355 -9.41042
-149.902 198.809 -9.56347
-147.663 202.661 -9.75714
-145.515 206.33 -9.92871
-143.31 209.933 -10.1041
-140.998 213.359 -10.2847
-138.041 216.339 -10.466
-134.046 217.188 -10.3982
-130.39 215.537 -10.0862
-126.802 213.055 -9.7772
-123.366 210.741 -9.49367
-120.004 208.536 -9.21044
-116.651 206.37 -9.00955
-113.265 204.181 -8.81707
-109.872 201.99 -8.62143
-106.288 199.714 -8.2224
-102.704 197.419 -7.81707
-99.0454 195.083 -7.43006
-95.4457 192.809 -7.06002
-91.7848 190.524 -6.705
-88.1146 188.24 -6.34911
-84.3461 185.933 -5.98674
-80.6017 183.646 -5.64084
-76.8306 181.358 -5.3187
-73.1326 179.102 -4.99156
-69.4754 176.856 -4.6773
-65.9192 174.662 -4.36883
-62.4982 172.554 -4.07962
-58.8644 170.303 -3.79035
-55.2773 168.062 -3.45966
-51.8603 165.762 -3.33841
-48.203 164.017 -3.32356
-43.9911 164.601 -3.38269
-40.6254 166.919 -3.49178
-38.0681 170.422 -3.59809
-36.9998 174.303 -3.76583
-37.4981 178.624 -3.93974
-39.8631 182.269 -4.04173
-43.0247 184.996 -4.10033
-46.7575 187.507 -4.00867
-50.159 189.705 -3.93531
-53.6928 191.93 -3.82664
-57.3377 194.21 -3.71893
-61.0429 196.521 -3.64213
-64.6481 198.743 -3.58983
-68.4042 201.041 -3.55297
-71.7964 203.111 -3.48897
-75.4419 205.337 -3.43692
-79.2365 207.618 -3.42335
-82.9533 209.856 -3.39561
-86.6518 212.214 -3.35943
-90.1936 214.523 -3.30936
-93.722 216.84 -3.25782
-97.461 218.975 -3.52527
-101.503 219.988 -3.73135
-105.878 219.311 -3.78066
-109.255 216.836 -3.74786
-111.406 213.219 -3.61419
-111.97 209.053 -3.41826
-110.8 204.982 -3.17898
-108.274 201.631 -2.90824
-105.052 198.964 -2.64187
-101.588 196.755 -2.22881
-98.0421 194.708 -1.84133
-94.5473 192.585 -1.45573
-90.7189 190.264 -1.03478
-87.1131 188.081 -0.634154
-83.2975 185.758 -0.27957
-79.9057 183.633 0.0782964
-76.4883 181.473 0.465066
-73.0671 179.314 0.828045
-69.7136 177.206 1.15036
-66.0485 174.94 1.50535
-62.3276 172.695 1.88977
-58.7897 170.591 2.27826
-55.3784 168.403 2.66484
-52.5011 165.443 2.87813
-51.0114 161.427 3.07353
-51.2096 157.424 3.28935
-53.0325 153.602 3.41227
-56.1298 151.042 3.45296
-60.1419 150.309 3.4352
-64.2294 151.438 3.3972
-67.9879 153.303 3.18995
-71.8566 155.504 2.95629
-75.3358 157.55 2.80572
-78.8775 159.664 2.68765
-82.4366 161.82 2.54484
-86.0315 164 2.3852
-89.5733 166.124 2.24221
-93.031 168.211 2.05677
-96.8318 170.498 1.80879
-100.535 172.75 1.561
-104.101 174.944 1.37501
-107.647 177.144 1.27567
-111.292 179.507 1.11954
-114.696 182.009 0.987937
-117.659 184.873 0.738954
-119.776 188.292 0.479653
-120.542 192.589 0.24294
-119.724 196.544 0.0842409
-117.939 200.487 -0.106144
-115.723 204.318 -0.287541
-113.598 207.742 -0.450047
-111.364 211.165 -0.594309
-109.149 214.457 -0.718099
-106.664 218.003 -0.875554
-104.129 221.602 -1.01152
-101.621 225.184 -1.14512
-99.1195 228.433 -1.2482
-95.9412 231.079 -1.33789
-92.0374 232.595 -1.38504
-87.6079 232.441 -1.2835
-83.8 231.004 -1.08353
-80.0261 228.768 -0.961467
-76.7043 226.531 -0.829573
-73.2294 224.18 -0.679893
-69.7871 221.862 -0.48348
-66.3537 219.597 -0.250453
-62.9722 217.405 -0.0586534
-59.5803 215.228 0.130163
-56.1985 213.083 0.318552
-52.7556 210.926 0.466853
-49.2677 208.779 0.584282
-45.7536 206.643 0.710625
-42.3093 204.553 0.869621
-38.6691 202.162 1.07389
-35.4759 199.474 1.28738
-32.7505 196.197 1.45104
-31.02 192.533 1.65234
-30.3396 188.518 1.89615
-30.6885 184.435 2.09548
-31.8699 180.38 2.25213
-33.5457 176.58 2.41276
-35.9627 173.079 2.56264
-39.1392 170.494 2.67548
-42.943 169.056 2.7262
-47.035 168.898 2.73589
-50.9875 169.756 2.72076
-55.0217 171.453 2.50631
-58.725 173.453 2.11528
-62.1925 175.412 1.7865
-66.0386 177.615 1.40268
-69.5907 179.66 1.04778
-73.1047 181.689 0.719896
-76.5898 183.721 0.395979
-80.2876 185.874 -0.00971671
-83.7722 187.949 -0.387439
-87.4307 190.159 -0.759125
-90.8571 192.247 -1.12325
-94.3397 194.377 -1.51177
-97.9493 196.615 -1.93158
-101.633 198.87 -2.34736
-105.166 201.352 -2.74063
-107.959 204.592 -3.04921
-109.217 208.66 -3.31392
-108.733 212.766 -3.50553
-106.986 216.698 -3.67621
-104.844 220.203 -3.79723
-102.65 223.655 -3.90554
-100.36 227.318 -4.01607
-98.0183 230.557 -4.11481
-94.6735 233.002 -4.22798
-90.643 233.675 -4.19557
-86.678 232.808 -4.04245
-83.0249 231.14 -3.86359
-79.3486 228.957 -3.73612
-75.9357 226.853 -3.62015
-72.3711 224.67 -3.50135
-68.8248 222.495 -3.32553
-65.271 220.294 -3.08175
-61.6819 218.052 -2.89394
-58.1607 215.829 -2.72285
-54.7102 213.634 -2.57871
-51.1077 211.327 -2.41916
-47.7497 209.172 -2.31505
-44.0743 206.806 -2.20553
-40.655 204.589 -2.06236
-37.0214 202.236 -1.87288
-33.5561 199.6 -1.66954
-31.0122 196.426 -1.57201
-29.6328 192.584 -1.38342
-29.6067 188.565 -1.15595
-30.9787 184.67 -0.982445
-33.0823 181.028 -0.852267
-35.1838 177.604 -0.721664
-37.3024 174.12 -0.589399
-39.3802 170.644 -0.431532
-41.4759 167.086 -0.295943
-43.6909 163.276 -0.129125
-45.8229 159.59 0.0318374
-48.2055 155.98 0.211841
-51.283 153.002 0.301323
-55.23 151.371 0.286163
-59.2241 151.303 0.259163
-63.2656 152.515 0.232607
-66.9622 154.32 0.0545628
-70.8344 156.511 -0.164385
-74.2062 158.599 -0.325868
-77.6618 160.795 -0.416148
-81.0149 162.957 -0.532198
-84.7506 165.347 -0.686146
-88.2296 167.558 -0.834333
-91.665 169.753 -1.00738
-95.4392 172.138 -1.25832
-98.8572 174.292 -1.47017
-102.514 176.594 -1.6618
-106.134 178.832 -1.78903
-109.681 181.008 -1.94271
-113.297 183.353 -2.08139
-116.623 186.134 -2.32504
-118.942 189.654 -2.59083
-119.708 193.839 -2.79982
-118.736 198.141 -2.933
-116.798 201.949 -3.12156
-114.347 205.617 -3.27183
-112.065 208.899 -3.39914
-109.829 212.2 -3.50899
-107.555 215.582 -3.61669
-105.095 219.196 -3.75017
-102.666 222.744 -3.86607
-100.267 226.25 -3.9672
-97.9047 229.775 -4.06169
-95.5724 233.386 -4.26743
-93.2978 237.052 -4.46929
-91.1201 240.723 -4.66596
-88.7723 244.356 -4.83867
-85.6624 247.358 -4.97683
-81.7908 248.947 -5.01268
-77.4635 248.778 -4.88596
-73.626 247.356 -4.68681
-69.7318 245.288 -4.56345
-66.2204 243.271 -4.45018
-62.6445 241.13 -4.29865
-59.0315 238.931 -4.1171
-55.4422 236.74 -3.93014
-51.8645 234.539 -3.7422
-48.423 232.419 -3.59187
-44.5543 230.047 -3.41504
-40.7829 227.728 -3.25553
-37.0686 225.469 -3.13816
-33.4285 223.257 -3.03221
-29.8977 221.145 -2.90692
-26.2192 218.882 -2.74223
-22.9157 216.235 -2.55656
-20.5447 212.799 -2.44693
-19.5125 208.533 -2.24762
-20.0239 204.532 -2.02856
-21.6011 200.77 -1.83309
-23.6697 197.151 -1.64846
-25.905 193.571 -1.45979
-28.1395 190.105 -1.26354
-30.3932 186.68 -1.05054
-32.6261 183.216 -0.940675
-34.8812 179.685 -0.80809
-37.1552 176.103 -0.664938
-39.4167 172.514 -0.517346
-41.726 168.85 -0.373754
-43.9823 165.266 -0.228143
-46.2058 161.7 -0.078145
-48.3714 158.203 0.0854066
-50.4728 154.811 0.262411
-52.6264 151.281 0.321007
-54.7365 147.75 0.405636
-56.8352 144.17 0.504852
-58.9236 140.644 0.608564
-61.3638 137.118 0.724287
-64.6132 134.393 0.769025
-68.5695 133.24 0.75993
-72.85 133.789 0.708018
-76.6303 135.567 0.616061
-80.1327 137.949 0.439508
-83.619 140.482 0.251961
-87.1218 143.005 0.0986864
-90.3948 145.293 -0.0360413
-94.022 147.75 -0.166633
-97.7429 150.179 -0.322186
-101.559 152.595 -0.534269
-105.261 154.933 -0.75207
-109.057 157.293 -0.981836
-112.545 159.449 -1.16788
-116.11 161.622 -1.31927
-119.478 163.808 -1.4977
-123.023 166.413 -1.67009
-125.884 169.269 -1.8414
-127.947 173.005 -2.13007
-128.578 177.386 -2.37479
-127.734 181.64 -2.52018
-126.021 185.228 -2.64685
-124.011 188.721 -2.7329
-121.961 192.272 -2.81275
-119.957 195.772 -2.89065
-117.951 199.262 -2.99027
-115.794 203.074 -3.16076
-113.626 206.857 -3.32147
-111.405 210.419 -3.45302
-108.841 213.578 -3.5406
-105.327 216.092 -3.60607
-101.327 217.053 -3.54561
-97.3153 216.415 -3.36079
-93.3694 214.422 -3.21693
-89.9307 212.271 -3.24894
-86.401 210.002 -3.2807
-82.6497 207.602 -3.33768
-79.2554 205.472 -3.36485
-75.6443 203.246 -3.35365
-71.9139 200.936 -3.3994
-68.2434 198.65 -3.45086
-64.8386 196.495 -3.51022
-61.0782 194.151 -3.56861
-57.5395 191.948 -3.62772
-54.0905 189.834 -3.71561
-50.523 187.693 -3.83212
-47.0567 185.58 -3.90781
-43.6988 183.173 -4.00063
-41.0099 179.938 -3.92265
-39.69 176.169 -3.827
-39.8145 172.099 -3.65226
-41.1542 167.982 -3.52179
-42.9916 164.314 -3.36802
-45.0611 160.472 -3.19596
-47.1564 157.079 -3.04222
-49.8744 153.976 -2.88807
-53.2012 151.841 -2.85376
-57.345 150.841 -2.84643
-61.4187 151.264 -2.84853
-65.3673 152.716 -2.91025
-68.9509 154.629 -3.06289
-72.4786 156.775 -3.20549
-76.1405 159.096 -3.30348
-79.7817 161.429 -3.38474
-83.4725 163.805 -3.47267
-87.1608 166.147 -3.57369
-90.5455 168.28 -3.753
-94.2651 170.593 -3.95879
-98.0046 172.879 -4.14774
-101.67 175.103 -4.32371
-105.444 177.387 -4.47891
-109.015 179.623 -4.62316
-112.494 181.945 -4.7443
-115.818 184.562 -4.87633
-118.347 187.731 -5.14548
-119.645 191.846 -5.39624
-119.249 195.914 -5.54169
-117.57 199.749 -5.69843
-115.451 203.175 -5.83323
-113.165 206.629 -5.97367
-110.83 210.18 -6.11064
-108.583 213.618 -6.23762
-106.414 216.994 -6.35887
-104.279 220.346 -6.47698
-102.131 223.791 -6.59271
-99.958 227.161 -6.70774
-97.3735 230.216 -6.80727
-93.7721 232.533 -6.90391
-89.8657 233.306 -6.88354
-85.8756 232.598 -6.74633
-82.0256 230.801 -6.61145
-78.5261 228.664 -6.48535
-74.935 226.373 -6.35077
-71.2446 224.01 -6.22821
-67.637 221.676 -6.05605
-64.1187 219.399 -5.85658
-60.688 217.193 -5.66663
-57.1352 214.905 -5.51004
-53.5674 212.627 -5.40153
-49.8929 210.332 -5.29514
-46.1431 208.007 -5.20924
-42.4269 205.742 -5.11377
-38.9039 203.583 -4.97699
-35.2773 201.14 -4.84202
-32.3284 198.275 -4.70847
-30.4542 194.76 -4.61131
-29.8039 190.465 -4.42056
-30.5997 186.502 -4.20738
-32.3907 182.537 -4.08189
-34.3905 178.944 -3.94657
-36.3801 175.503 -3.81303
-38.4275 172.028 -3.66812
-40.4972 168.537 -3.54876
-42.5389 165.106 -3.40634
-44.5931 161.705 -3.25863
-46.8261 158.033 -3.09142
-49.0642 154.377 -2.91489
-51.1545 150.978 -2.83138
-53.4472 147.248 -2.74657
-55.7992 143.529 -2.65211
-58.3532 140.053 -2.55207
-61.4423 137.186 -2.47179
-65.3103 135.372 -2.45286
-69.5166 134.988 -2.44209
-73.7366 136.085 -2.43303
-77.3086 137.97 -2.58506
-80.9008 140.267 -2.7492
-84.5797 142.713 -2.88647
-88.115 145.136 -2.96031
-91.5627 147.549 -3.05936
-94.9482 149.9 -3.1887
-98.4227 152.215 -3.33801
-102.07 154.509 -3.50956
-105.737 156.709 -3.69412
-109.468 158.787 -3.9001
-113.119 160.754 -4.04481
-116.974 162.793 -4.17848
-120.585 164.822 -4.29775
-123.877 167.192 -4.43266
-126.628 170.266 -4.66707
-128.347 174.182 -4.92751
-128.619 178.415 -5.10289
-127.495 182.502 -5.24505
-125.415 186.318 -5.34627
-123.278 189.703 -5.4278
-121.1 193.123 -5.49605
-118.886 196.627 -5.56254
-116.694 200.091 -5.70495
-114.481 203.607 -5.83883
-112.272 207.102 -5.98282
-110.099 210.575 -6.12138
-107.942 214.032 -6.24644
-105.662 217.713 -6.37918
-103.455 221.338 -6.50766
-101.243 224.981 -6.63836
-99.0927 228.562 -6.76041
-96.8894 232.216 -6.93953
-94.6412 235.957 -7.13613
-92.3901 239.649 -7.32231
-89.8791 243.222 -7.4976
-86.8811 246.229 -7.61782
-83.0693 248.3 -7.70172
-78.801 248.926 -7.6589
-74.5227 247.979 -7.46638
-70.9708 246.158 -7.37219
-67.3693 243.893 -7.2653
-63.6543 241.497 -7.11516
-60.0116 239.145 -6.97929
-56.2384 236.755 -6.7884
-52.5668 234.464 -6.61985
-48.8898 232.21 -6.45956
-45.1426 229.968 -6.30259
-41.416 227.783 -6.18578
-37.74 225.714 -6.09357
-34.1772 223.78 -6.02869
-30.3337 221.675 -5.90523
-26.8153 219.447 -5.78319
-23.6019 216.812 -5.61719
-21.0797 213.49 -5.52195
-19.7482 209.623 -5.38542
-19.7086 205.47 -5.17869
-20.9729 201.32 -4.9763
-23.0492 197.447 -4.78532
-25.13 194.011 -4.62617
-27.1797 190.54 -4.43964
-29.3634 186.741 -4.23381
-31.3436 183.243 -4.10439
-33.433 179.381 -3.96436
-35.4671 175.556 -3.81684
-37.5792 172.191 -3.6792
-40.455 169.133 -3.55741
-44.3022 167.253 -3.47015
-48.2598 167.079 -3.4169
-52.0845 168.31 -3.41514
-55.7503 170.373 -3.65108
-59.1342 172.446 -3.91801
-62.5462 174.57 -4.17288
-66.1905 176.856 -4.48873
-69.6067 178.997 -4.78466
-73.0388 181.15 -5.0726
-76.6897 183.424 -5.40072
-80.222 185.623 -5.71273
-83.9654 187.939 -6.05871
-87.5361 190.162 -6.40299
-90.9242 192.248 -6.72683
-94.5228 194.44 -7.07351
-97.9502 196.524 -7.41564
-101.489 198.728 -7.79201
-104.679 201.147 -8.18439
-107.447 204.407 -8.6178
-108.623 208.518 -8.95833
-108.064 212.593 -9.21363
-106.221 216.327 -9.37032
-103.892 219.822 -9.46503
-101.613 223.228 -9.56119
-99.4649 226.677 -9.67313
-97.2352 230.3 -9.84092
-95.0465 233.857 -10.0529
-92.8556 237.467 -10.2945
-90.7762 241.066 -10.5253
-88.4826 244.747 -10.7587
-85.6568 247.796 -10.9151
-81.9277 249.628 -10.9579
-77.6314 249.689 -10.858
-73.8341 248.369 -10.6332
-69.933 246.265 -10.534
-66.3547 244.046 -10.3659
-62.6414 241.743 -10.1789
-59.2292 239.632 -9.99221
-55.755 237.481 -9.81222
-51.9259 235.148 -9.62695
-48.3111 232.881 -9.41762
-44.6728 230.471 -9.23334
-41.08 227.977 -9.12279
-37.6488 225.581 -9.0024
-34.3595 223.33 -8.88248
-30.8372 220.98 -8.7398
-27.2106 218.647 -8.59964
-23.8701 216.251 -8.36541
-20.8258 213.273 -8.29981
-18.7198 209.596 -8.17975
-18.4357 205.615 -8.00593
-19.8599 201.704 -7.84778
-22.0127 198.222 -7.62225
-24.454 194.667 -7.43237
-26.7366 191.392 -7.2295
-29.0206 187.966 -7.03157
-31.2957 184.377 -6.89292
-33.6307 180.732 -6.78351
-35.9008 177.265 -6.67821
-38.2708 173.571 -6.56373
-40.497 170.092 -6.44504
-42.6442 166.72 -6.27653
-44.8754 163.17 -6.10501
-47.003 159.739 -5.93024
-49.2294 156.092 -5.75145
-51.3185 152.643 -5.66899
-53.3887 149.191 -5.60897
-55.519 145.63 -5.53293
-57.7508 141.967 -5.45396
-60.4296 138.555 -5.37095
-63.8159 136.096 -5.26434
-67.8605 134.946 -5.21084
-71.8408 135.247 -5.20889
-75.7313 136.793 -5.31763
-79.1768 138.833 -5.49005
-82.671 141.073 -5.62203
-86.1774 143.368 -5.75026
-89.6758 145.641 -5.86124
-93.2011 147.914 -5.96705
-96.6671 150.145 -6.05738
-100.154 152.382 -6.24845
-103.729 154.685 -6.46647
-107.375 156.992 -6.63904
-111.01 159.266 -6.79651
-114.551 161.419 -6.93682
-118.256 163.578 -7.0847
-121.768 165.669 -7.20112
-125.215 168.149 -7.30149
-127.852 171.51 -7.5915
-129.038 175.405 -7.82379
-128.673 179.58 -8.05496
-127.009 183.347 -8.18891
-124.829 186.964 -8.24902
-122.546 190.536 -8.32503
-120.364 194.021 -8.39844
-118.167 197.538 -8.50506
-115.9 201.206 -8.69267
-113.64 204.924 -8.87754
-111.386 208.625 -9.04749
-109.296 212.05 -9.21539
-106.971 215.849 -9.36278
-104.857 219.413 -9.4751
-102.699 223.144 -9.58249
-100.615 226.603 -9.70906
-98.069 230.048 -9.83672
-94.8545 232.656 -9.96664
-90.9877 233.652 -9.99256
-86.6882 232.993 -9.8632
-82.9276 231.485 -9.70941
-79.2936 229.637 -9.59647
-75.5914 227.594 -9.47496
-72.1479 225.595 -9.32898
-68.674 223.541 -9.18401
-65.1748 221.399 -9.0281
-61.7424 219.278 -8.83694
-58.2956 217.182 -8.63593
-54.8251 215.066 -8.46444
-51.0666 212.785 -8.35212
-47.3899 210.558 -8.24767
-43.9118 208.392 -8.13943
-40.4332 206.175 -8.01955
-37.1066 203.907 -7.84309
-33.7416 201.383 -7.62199
-30.7811 198.637 -7.54241
-28.6168 195.237 -7.42103
-28.0634 191.106 -7.20349
-29.2843 187.308 -6.99148
-31.272 183.759 -6.8714
-33.3694 180.331 -6.77055
-35.6029 176.864 -6.65793
-37.907 173.313 -6.551
-40.1058 169.975 -6.44227
-42.3204 166.557 -6.27509
-44.6482 162.834 -6.09116
-46.7137 159.39 -5.91709
-48.9922 155.957 -5.74769
-51.9399 153.184 -5.68738
-55.8066 151.616 -5.67588
-59.9419 151.536 -5.68736
-64.1539 152.798 -5.71773
-67.9986 154.757 -5.91309
-71.5879 156.912 -6.05416
-75.3861 159.246 -6.16533
-79.1694 161.585 -6.28335
-82.9005 163.897 -6.38568
-86.6819 166.236 -6.49143
-90.3472 168.534 -6.71497
-93.7195 170.626 -6.92828
-97.1452 172.729 -7.09211
-100.961 175.049 -7.26402
-104.624 177.268 -7.41003
-108.099 179.364 -7.54098
-111.861 181.559 -7.66444
-115.337 184.014 -7.78551
-117.917 187.116 -8.04363
-119.009 191.076 -8.24213
-118.279 195.251 -8.38865
-116.606 198.994 -8.55704
-115.414 203.175 -8.79206
-116.443 207.328 -9.0389
-119.25 210.353 -9.3002
-122.523 212.675 -9.59096
-125.872 214.895 -9.87069
-129.362 217.038 -10.1832
-133.305 218.4 -10.4835
-137.644 218.184 -10.6024
-141.888 216.396 -10.5544
-145.267 213.707 -10.4592
-148.038 210.571 -10.3428
-150.73 206.892 -10.1746
-153.484 202.732 -9.96345
-155.732 199.301 -9.80835
-158.102 195.715 -9.64047
-160.58 191.935 -9.48195
-163.131 188.03 -9.31833
-165.907 183.744 -9.16038
-168.633 179.516 -8.98495
-171.411 175.159 -8.82699
-174.255 170.71 -8.65791
-176.959 166.441 -8.51824
-179.636 162.21 -8.38547
-182.35 157.903 -8.26439
-184.891 153.871 -8.12725
-187.359 149.891 -8.00589
-189.758 145.9 -7.88262
-192.055 141.952 -7.77079
-194.291 137.969 -7.644
-196.33 134.053 -7.55523
-198.384 129.891 -7.40942
-200.141 126.031 -7.26457
-201.858 121.909 -7.18972
-203.411 117.824 -7.07042
-204.889 113.569 -6.93113
-206.208 109.331 -6.79028
-207.38 105.11 -6.62238
-208.42 100.949 -6.4843
-209.352 96.7696 -6.32206
-210.132 92.6626 -6.17853
-210.817 88.5014 -6.03113
-211.396 84.283 -5.87675
-211.852 80.1805 -5.71512
-212.189 76.0993 -5.55517
-212.405 72.1033 -5.41312
-212.502 68.0705 -5.26668
-212.427 63.1077 -5.06378
-212.151 58.0744 -4.84827
-211.741 53.3968 -4.62166
-211.222 48.7502 -4.4056
-210.617 44.3078 -4.21193
-209.894 40.0126 -4.00864
-208.904 35.3995 -3.87022
-207.846 31.0633 -3.62005
-206.74 27.0786 -3.4465
-205.419 22.8678 -3.25087
-204.136 18.9954 -3.09088
-202.75 15.1463 -2.9464
-201.149 11.1049 -2.73139
-198.995 7.46132 -2.51281
-195.952 4.40707 -2.28419
-192.385 2.29917 -2.09769
-188.12 1.09766 -1.87149
-183.974 0.985216 -1.77483
-179.631 1.80683 -1.70485
-175.254 3.41505 -1.74026
-171.341 5.04266 -1.72119
-167.458 6.69123 -1.67376
-163.514 8.35264 -1.6442
-159.453 10.0738 -1.59521
-155.274 11.8575 -1.54055
-151.572 13.4733 -1.50154
-147.51 15.2878 -1.482
-143.058 17.3129 -1.45429
-138.55 19.376 -1.41052
-134.865 21.0306 -1.39057
-130.305 23.0891 -1.3654
-125.763 25.1315 -1.35154
-121.082 27.2227 -1.32654
-116.58 29.2109 -1.30703
-112.044 31.1991 -1.27518
-107.552 33.1725 -1.25518
-103.023 35.1066 -1.21527
-98.5477 36.9769 -1.15072
-94.2132 38.7038 -1.056
-89.6807 40.4451 -0.974615
-85.4717 42.0293 -0.894307
-81.0453 43.5842 -0.821637
-76.8333 44.9749 -0.728834
-72.6884 46.2236 -0.635623
-68.4659 47.3879 -0.555886
-64.2613 48.4089 -0.494225
-60.0422 49.2921 -0.415104
-55.8253 50.0411 -0.335688
-51.5171 50.6439 -0.25576
-47.192 51.1051 -0.183309
-42.88 51.4039 -0.118227
-38.5066 51.5159 -0.0489275
-34.1693 51.4754 0.0239135
-29.7816 51.3061 0.0890341
-25.3338 51.0235 0.144519
-20.9405 50.6377 0.182131
-16.5459 50.1809 0.1813
-12.0629 49.6272 0.154611
-7.72268 49.0072 0.154218
-3.293 48.2341 0.121362
1.04801 47.3549 0.0783832
5.38372 46.3354 0.0399069
9.80082 45.1084 -0.0210668
13.812 43.7619 -0.0816978
17.8454 42.1613 -0.145704
21.7662 40.4331 -0.210399
25.7089 38.6001 -0.27515
29.503 36.7905 -0.364663
33.2647 34.9998 -0.434366
37.482 32.896 -0.543889
41.2159 30.9896 -0.647503
44.77 29.0965 -0.753849
48.2609 26.6314 -0.882145
50.6891 23.0524 -1.03352
51.0763 18.6168 -0.958559
50.2245 14.6858 -0.903051
48.796 10.8196 -0.838475
46.7706 7.3783 -0.755709
43.8229 4.47875 -0.680419
39.9202 2.55601 -0.551769
35.6505 1.61908 -0.411934
31.3275 1.08916 -0.311565
27.1107 0.645383 -0.193939
23.0533 0.238133 -0.107803
18.9862 -0.255036 -0.0816116
14.8587 -0.581719 -0.0351359
10.9645 0.462922 -0.0737044
8.06575 3.59616 -0.0510151
6.76418 7.36876 -0.0768197
6.3844 11.4548 -0.111696
6.51004 15.6579 -0.100653
6.67662 19.8919 -0.129461
6.79446 24.1458 -0.175035
