0 0
0 0
0 0
0.011002 -0.000975
0.641008 -0.0112
0.696016 -0.011716
0.700269 -0.015435
0.693956 0.004213
0.699263 0.026693
0.716114 0.041122
0.728981 0.043219
0.733203 0.040537
0.733186 0.041545
0.738753 0.05907
0.759658 0.07375
0.768572 0.074357
1.06249 0.014152
1.66365 -0.133115
2.287 -0.29648
2.9143 -0.494254
3.52722 -0.693985
4.1529 -0.850915
4.77902 -0.992339
5.42398 -1.03001
6.06438 -1.091
6.70793 -1.1444
7.31568 -1.22408
7.92976 -1.29425
8.51024 -1.37264
8.88655 -1.41645
8.89346 -1.41802
9.0057 -1.55778
9.3983 -2.0673
9.80091 -2.56688
10.2309 -3.04508
10.6708 -3.51297
11.1184 -3.98027
11.4139 -4.28211
11.4165 -4.28532
11.4254 -4.31627
11.6126 -4.91655
11.8085 -5.54127
11.9767 -6.1331
12.1325 -6.76025
12.2733 -7.38961
12.3812 -8.02342
12.4645 -8.66163
12.5368 -9.30073
12.5852 -9.94646
12.6295 -10.5885
12.6237 -11.2025
12.6135 -11.8168
12.5581 -12.4271
12.4973 -13.0132
12.4187 -13.5577
12.4197 -13.5497
12.4143 -13.5804
12.3109 -14.2339
12.2038 -14.8765
12.1151 -15.5153
12.0258 -16.1508
11.9307 -16.788
11.833 -17.3907
11.7336 -17.9985
11.6491 -18.6076
11.5634 -19.2149
11.4601 -19.8486
11.3431 -20.482
11.2576 -20.9553
11.2552 -20.965
11.2519 -20.9721
11.2582 -20.9714
11.2582 -20.9714
11.2547 -20.9707
11.2516 -20.9688
11.2503 -20.9683
11.2395 -20.957
11.2276 -20.9523
10.9299 -20.9694
10.2957 -21.0191
9.64807 -21.0262
9.00865 -21.0058
8.36733 -20.9522
7.73023 -20.8887
7.09578 -20.7851
6.46518 -20.6603
5.7508 -20.5131
5.16355 -20.341
4.81587 -20.2346
4.79232 -20.2351
4.14921 -20.2886
3.49718 -20.3376
2.86163 -20.3877
2.22101 -20.3399
1.58596 -20.2586
0.940663 -20.2288
0.302216 -20.2325
-0.314018 -20.2195
-0.922581 -20.1647
-1.6488 -20.0935
-2.23083 -20.0233
-2.87135 -20.0051
-3.51648 -19.9557
-4.15222 -19.8781
-4.79584 -19.8472
-5.44097 -19.834
-6.07437 -19.8193
-6.72138 -19.7849
-7.14041 -19.7815
-7.15332 -19.7796
-7.16449 -19.7699
-7.17412 -19.6626
-7.20148 -19.0005
-7.26999 -18.3561
-7.35167 -17.7221
-7.47706 -17.0906
-7.6556 -16.3483
-7.83844 -15.7404
-7.84718 -15.7105
-7.82273 -15.212
-7.80654 -14.5732
-7.84675 -13.9653
-7.90831 -13.3574
-7.94493 -13.1455
-7.86705 -12.9097
-7.66255 -12.3187
-7.53613 -11.6949
-7.44682 -11.0653
-7.37822 -10.424
-7.29763 -9.79042
-7.23361 -9.1524
-7.18891 -8.51233
-7.16973 -7.87115
-7.11763 -7.29134
-7.05585 -6.68424
-6.96376 -6.11166
-6.8748 -5.47495
-6.7605 -4.85088
-6.6606 -4.21733
-6.60041 -3.59549
-6.58274 -2.94585
-6.54389 -2.31311
-6.49855 -1.67111
-6.37336 -1.04582
-6.30821 -0.684059
-6.30373 -0.673188
-6.30313 -0.67101
-6.24628 -0.679152
-5.8183 -0.770932
-5.18446 -0.91185
-4.55518 -1.02312
-3.91922 -1.11781
-3.28206 -1.19942
-2.64531 -1.28299
-2.01115 -1.35921
-1.37582 -1.4533
-0.73579 -1.53268
-0.159947 -1.61332
0.023851 -1.64847
0.021228 -1.64729
0.027488 -1.63923
0.027486 -1.63923
0.045975 -1.63197
0.045893 -1.6342
0.057499 -1.64627
0.193934 -1.65571
0.853469 -1.68202
1.49048 -1.71696
2.0988 -1.75167
2.71281 -1.80893
3.31819 -1.86326
3.89623 -1.9491
4.53841 -2.04243
5.17242 -2.14972
5.80309 -2.24766
6.42481 -2.31855
7.03068 -2.41723
7.66048 -2.49455
8.29015 -2.61212
8.63951 -2.6685
8.6426 -2.66917
9.10706 -2.97776
9.55134 -3.34156
9.95356 -3.79248
10.3309 -4.30666
10.653 -4.85426
10.9095 -5.44557
11.1385 -6.01816
11.3728 -6.61078
11.5981 -7.20916
11.7956 -7.81984
11.9849 -8.43239
12.1581 -9.0432
12.3026 -9.61143
12.4269 -10.2103
12.5343 -10.8114
12.6323 -11.4458
12.7007 -12.0824
12.7556 -12.7192
12.7548 -13.3568
12.7336 -13.9935
12.687 -14.6317
12.6391 -15.2029
12.5562 -16.0065
12.4553 -16.5988
12.3059 -17.1878
12.1744 -17.7601
12.0407 -18.3533
11.8977 -18.9813
11.7699 -19.6093
11.6474 -20.2388
11.5372 -20.8703
11.395 -21.4934
11.231 -22.1207
11.0584 -22.7342
10.9538 -23.0889
10.9506 -23.0951
10.9528 -23.0948
10.9518 -23.0945
10.3658 -23.0673
9.73733 -23.0382
9.09584 -22.9947
8.46094 -22.975
7.82125 -22.9693
7.1838 -22.9944
6.54458 -23.0126
5.9063 -23.0292
5.26418 -23.0843
4.66081 -23.0497
4.05917 -22.9693
3.68921 -22.9477
3.81991 -22.9546
3.47699 -22.8131
2.87532 -22.5659
2.26146 -22.359
1.97965 -22.2555
1.61634 -22.2788
0.964219 -22.3419
0.323899 -22.4433
-0.317791 -22.4949
-0.925503 -22.4263
-1.50455 -22.3457
-2.11731 -22.3252
-2.76403 -22.2799
-3.40672 -22.2716
-4.04113 -22.2547
-4.68434 -22.1915
-5.32522 -22.1289
-5.89012 -22.1374
-5.85421 -22.141
-5.86202 -22.1413
-6.21034 -21.7882
-6.5844 -21.3516
-6.97187 -20.8867
-7.34964 -20.4067
-7.37656 -20.3714
-7.37657 -20.37
-7.43513 -19.8139
-7.52614 -19.1905
-7.67621 -18.572
-7.81526 -17.9974
-7.8128 -17.9575
-7.74876 -17.305
-7.70446 -16.6848
-7.68628 -16.0758
-7.71368 -15.4641
-7.65984 -14.8845
-7.59064 -14.1302
-7.43489 -13.5125
-7.28584 -12.8881
-7.18114 -12.2582
-7.04666 -11.6294
-6.91633 -10.9982
-6.88727 -10.3591
-6.91494 -9.71862
-6.85941 -9.10855
-6.80534 -8.49829
-6.80509 -7.91462
-6.70603 -7.28264
-6.60096 -6.6484
-6.46899 -6.02337
-6.31527 -5.39949
-6.13401 -4.7859
-5.98522 -4.16119
-5.81325 -3.55024
-5.68347 -2.91897
-5.55445 -2.31572
-5.54771 -2.27466
-5.5419 -2.26653
-5.52227 -2.25903
-5.06194 -2.33113
-4.42209 -2.43096
-3.79754 -2.54157
-3.16992 -2.67942
-2.54743 -2.82426
-1.93037 -2.99771
-1.33227 -3.23462
-0.738078 -3.47865
-0.140714 -3.72976
0.420679 -3.97567
1.00854 -4.14956
1.57014 -4.33171
1.87781 -4.44285
1.87781 -4.44285
2.37669 -4.62688
3.00326 -4.75051
3.63552 -4.8366
4.27314 -4.95897
4.89787 -5.09286
5.53072 -5.22256
6.16026 -5.3183
6.44536 -5.37369
6.45273 -5.37047
6.47519 -5.14683
6.5006 -4.51322
6.51452 -3.87967
6.5156 -3.24017
6.4946 -2.60275
6.43546 -1.96777
6.37766 -1.62356
6.37801 -1.62265
6.36936 -1.62585
6.36595 -1.63204
6.38044 -1.64724
6.38888 -1.65035
6.39205 -1.6502
6.41165 -1.66588
6.41587 -1.68873
6.38529 -2.33261
6.34943 -2.98104
6.28146 -3.61711
6.21345 -4.25454
6.12125 -4.88822
6.09392 -5.06375
6.09183 -5.06449
6.12086 -5.06561
6.1297 -5.05962
6.12872 -5.05044
6.13259 -5.05183
6.13697 -5.04718
6.14297 -5.06066
6.27597 -5.10149
6.91081 -5.2633
7.53899 -5.32416
8.17362 -5.36476
8.4409 -5.37805
8.44537 -5.37842
8.46777 -5.46207
8.62147 -6.03078
8.76176 -6.63168
8.92999 -7.39896
8.97804 -7.66535
8.97809 -7.66762
8.9765 -7.67085
8.98176 -7.66796
8.98176 -7.66796
8.97899 -7.6649
8.97784 -7.64302
8.98388 -7.62862
8.98963 -7.62455
8.99413 -7.62448
9.0049 -7.61912
9.04225 -7.36606
9.09005 -7.07284
8.95488 -6.75864
8.84313 -6.48723
8.93305 -6.3316
9.29439 -5.80396
9.64131 -5.3092
9.64238 -5.30725
9.64836 -5.30514
9.65523 -5.30732
10.1391 -5.58709
10.6668 -5.87809
11.2061 -6.20916
11.5986 -6.46663
11.6006 -6.46749
11.6436 -6.42556
12.1072 -5.94815
12.5102 -5.44601
12.8676 -4.91292
12.9825 -4.70968
12.9846 -4.70371
12.9884 -4.70523
12.9866 -4.70763
12.9825 -4.71826
13.1114 -4.8404
13.6319 -5.19137
14.1883 -5.49944
14.7224 -5.83051
14.7804 -5.86831
14.6437 -5.88558
14.641 -5.88611
14.6352 -5.8554
14.6261 -5.85386
14.8105 -5.69304
14.8105 -5.69304
14.8092 -5.69368
14.8068 -5.69701
14.7624 -5.81493
14.5648 -6.44173
14.3776 -7.04996
14.0494 -7.60015
13.6786 -8.1133
13.3063 -8.57427
13.3046 -8.57695
13.3024 -8.57154
13.586 -8.79737
14.0696 -9.18017
14.2927 -9.3777
14.2949 -9.38154
14.2949 -9.38054
13.9696 -9.8308
13.5738 -10.3232
13.1682 -10.8098
12.7883 -11.3284
12.6187 -11.5833
12.3656 -11.7248
11.9736 -11.9214
11.9796 -11.9153
12.0163 -11.8607
12.0163 -11.8456
12.0166 -11.8412
12.0211 -11.839
12.0211 -11.839
12.0205 -11.8402
12.0205 -11.8402
12.0491 -11.8247
12.625 -11.4969
13.2004 -11.2028
13.5127 -11.0599
13.4917 -11.0694
13.5017 -11.0673
13.503 -11.0679
13.7435 -11.5376
14.0406 -12.0946
14.2972 -12.6723
14.5801 -13.2459
14.7746 -13.6727
14.7755 -13.6758
14.7812 -13.6611
14.8015 -13.6465
14.8168 -13.6462
14.8173 -13.647
14.8116 -13.6292
14.8159 -13.6158
14.8189 -13.6107
14.8187 -13.5805
14.6668 -12.9561
14.4947 -12.3264
14.2897 -11.7137
14.1243 -11.2679
14.1231 -11.265
14.123 -11.2664
14.3557 -11.1304
14.8853 -10.8502
15.4544 -10.5729
15.786 -10.4386
15.7952 -10.4387
15.7913 -10.434
15.9597 -10.8285
16.1801 -11.44
16.3353 -11.9636
16.3353 -11.9651
16.6057 -11.9148
17.1953 -11.7717
17.7671 -11.6579
18.3693 -11.5632
19.0097 -11.4821
19.6509 -11.4537
20.1469 -11.4428
20.15 -11.4429
20.1723 -11.4547
20.1759 -11.4593
20.1744 -11.4662
20.1702 -11.469
20.1655 -11.4705
20.1705 -11.4743
20.1751 -11.4823
20.1753 -11.4877
20.1754 -11.4899
20.1643 -11.4759
20.1621 -11.476
20.1621 -11.476
19.702 -11.5124
19.0767 -11.5933
18.4394 -11.6532
17.8073 -11.7467
17.1723 -11.8391
16.6961 -11.9389
16.6925 -11.9411
16.6916 -11.9449
16.7766 -12.1753
16.9741 -12.7656
17.1504 -13.3735
17.3521 -13.9783
17.5816 -14.5772
17.8473 -15.1596
18.0544 -15.7608
18.2055 -16.3822
18.5201 -16.8986
18.8484 -17.4115
19.1819 -18.0479
19.3828 -18.4706
19.383 -18.4717
19.6368 -18.3738
20.2225 -18.1522
20.8429 -18.0121
21.4734 -17.9122
22.1076 -17.8116
22.4777 -17.7733
22.4802 -17.7766
22.4792 -17.7672
22.4809 -17.7686
22.3922 -17.7971
21.7638 -17.9949
21.1505 -18.1689
20.5558 -18.3899
19.9605 -18.6102
19.4392 -18.8152
19.2544 -18.8837
19.2535 -18.8915
19.4466 -19.2742
19.7435 -19.8466
20.0025 -20.3954
20.2405 -20.9208
20.4815 -21.4784
20.701 -22.0718
20.8833 -22.6861
21.0488 -23.2941
21.1865 -23.9223
21.2945 -24.5456
21.322 -24.754
21.3317 -24.7628
21.3367 -24.7626
21.3367 -24.7626
21.6674 -24.6217
22.2376 -24.3838
22.7836 -24.1883
23.3925 -23.9946
24.0127 -23.8469
24.6165 -23.6775
25.1989 -23.4135
25.3082 -23.3665
25.3115 -23.3635
25.309 -23.348
25.3701 -23.3843
25.3642 -23.3898
25.3606 -23.4013
25.3712 -23.4181
25.3762 -23.4233
25.3796 -23.4363
25.3777 -23.441
25.238 -23.4934
24.6078 -23.6773
23.9934 -23.8608
23.3962 -24.1058
22.8227 -24.3935
22.275 -24.6747
22.2701 -24.6768
22.2701 -24.6768
22.2601 -24.6764
22.0968 -24.8207
21.5925 -25.1543
21.0534 -25.4987
20.5374 -25.8328
20.5325 -25.835
20.5334 -25.834
20.8914 -26.2945
21.2769 -26.7906
21.6494 -27.3107
21.8494 -27.5963
21.8403 -27.6465
21.8689 -27.724
21.8772 -27.7255
21.8945 -27.7157
21.8935 -27.7159
21.8859 -27.7132
21.8663 -27.7047
21.2989 -27.3879
20.7169 -27.1056
20.1258 -26.8569
19.5235 -26.6336
19.2138 -26.5364
19.2103 -26.5356
18.7169 -26.8938
18.265 -27.3042
17.844 -27.7767
17.4041 -28.2467
17.0077 -28.743
16.625 -29.2621
16.2863 -29.7963
15.9392 -30.3366
15.7912 -30.5648
15.7942 -30.5815
16.1943 -30.9971
16.6361 -31.3664
17.104 -31.7964
17.5388 -32.2159
17.8008 -32.4991
17.8084 -32.504
17.8306 -32.4936
17.8342 -32.4743
17.6079 -32.3744
17.0469 -32.1005
16.5113 -31.7618
15.95 -31.4641
15.4648 -31.1538
15.1408 -30.9698
15.1315 -30.9661
15.122 -30.9736
14.6789 -31.4061
14.3136 -31.7416
14.3381 -31.72
14.3387 -31.7267
14.7688 -31.9776
15.3116 -32.3056
15.7603 -32.7462
16.1934 -33.2141
16.6013 -33.6568
17.0001 -34.1204
16.7884 -33.8395
16.631 -33.5977
16.6296 -33.5943
16.6313 -33.5917
16.625 -33.5963
16.6175 -33.5975
16.3493 -33.3465
15.9195 -32.868
15.4858 -32.3954
15.0463 -31.9736
14.6466 -31.6396
14.6439 -31.6372
14.5896 -31.7123
14.2662 -32.2776
13.9259 -32.8198
13.5548 -33.3358
13.1476 -33.8208
12.8553 -34.1212
12.4244 -34.5961
11.9856 -35.07
11.5526 -35.5294
11.1122 -35.9495
10.7319 -36.2774
10.7293 -36.2841
10.8697 -36.4515
11.3821 -36.8176
11.979 -37.0216
12.6121 -37.0542
13.2056 -37.1196
13.7497 -37.4521
13.877 -37.5221
13.8793 -37.5199
13.8724 -37.502
13.5812 -37.4035
13.0485 -37.2198
12.4747 -37.0103
11.8441 -36.8995
11.2045 -36.8693
10.7096 -36.8105
10.7032 -36.8095
10.6092 -37.0003
10.3372 -37.5682
10.1396 -38.1591
10.1352 -38.1654
10.1706 -38.1836
10.744 -38.43
11.2805 -38.6516
11.8409 -38.8887
12.4355 -39.1219
13.0069 -39.4039
13.2826 -39.5414
12.7694 -39.276
12.5455 -39.1386
12.5425 -39.133
12.5442 -39.1173
12.5499 -39.1123
12.5628 -39.1083
12.3731 -39.0137
11.8596 -38.7641
11.4387 -38.6414
10.8251 -38.5791
10.1919 -38.5318
9.89192 -38.5223
9.8842 -38.5258
9.89381 -38.9711
9.8622 -39.4546
9.78847 -40.0842
9.68186 -40.7092
9.60566 -41.3064
9.56865 -41.8831
9.5478 -42.3137
9.54734 -42.3046
9.54235 -42.3043
9.53735 -42.3041
9.53756 -42.3021
9.53484 -42.2888
9.52316 -42.2793
9.45143 -41.8896
9.37139 -41.2485
9.22633 -40.6276
9.04917 -40.0739
8.93771 -39.504
8.82035 -38.8952
8.65282 -38.2803
8.46982 -37.6629
8.3523 -37.1606
8.35382 -37.1567
8.35043 -37.1591
8.28559 -37.1794
8.27132 -37.1782
8.27226 -37.1779
8.27142 -37.1728
8.08215 -37.631
7.78167 -38.1188
7.43628 -38.6506
7.10156 -39.1963
6.73265 -39.7103
6.24999 -40.3236
5.842 -40.8133
5.43959 -41.3017
5.03264 -41.7935
5.01746 -41.8137
5.0205 -41.8234
5.03141 -41.8292
5.04195 -41.8235
5.1861 -41.5361
5.44116 -40.9534
5.70879 -40.3747
5.94275 -39.78
6.14129 -39.182
6.33796 -38.5781
6.37073 -38.4587
6.36931 -38.4588
5.84957 -38.2673
5.28709 -38.058
5.28236 -38.0561
5.27578 -38.0661
4.97802 -38.5858
4.62052 -39.1023
4.35702 -39.554
4.35743 -39.5531
4.34753 -39.5587
4.34256 -39.5576
4.33608 -39.5502
4.33598 -39.5479
4.57392 -39.0803
4.94015 -38.5573
5.30209 -38.1064
5.34574 -38.052
5.34223 -38.0474
5.08357 -37.9675
4.49335 -37.7661
3.89745 -37.541
3.31264 -37.2888
2.73778 -37.0206
2.17464 -36.7313
1.63208 -36.4011
1.08572 -36.1651
0.594312 -35.911
0.049628 -35.6626
0.027544 -35.6528
0.026506 -35.6538
-0.256374 -36.1863
-0.462375 -36.5816
-0.464849 -36.5897
-0.458452 -36.5942
-0.455458 -36.594
-0.452643 -36.587
-0.342345 -35.9733
-0.198947 -35.3531
-0.182607 -35.285
-0.189467 -35.28
-0.73358 -35.0741
-1.26035 -34.9118
-1.26444 -34.9114
-1.364 -35.1195
-1.60828 -35.705
-1.8223 -36.3
-2.04744 -36.8946
-2.13924 -37.1029
-2.1454 -37.1105
-2.43726 -37.1414
-3.04782 -37.1755
-3.28722 -37.194
-3.29532 -37.1915
-3.29892 -37.1889
-3.29804 -37.1907
-3.29491 -37.1835
-3.28808 -37.1792
-2.81079 -37.026
-2.21909 -36.8112
-1.93974 -36.6612
-1.67887 -36.1035
-1.42968 -35.5162
-1.41845 -35.5558
-1.41809 -35.5716
-1.66727 -35.3977
-2.18779 -35.0487
-2.74119 -34.735
-3.30755 -34.4487
-3.90234 -34.2162
-4.50568 -34.0249
-5.0858 -33.7634
-5.66277 -33.4977
-6.26153 -33.2795
-6.84002 -33.0974
-7.02348 -33.0487
-7.0268 -33.0561
-7.28124 -33.5945
-7.63159 -34.1219
-7.96242 -34.6377
-7.96574 -34.6427
-7.95007 -34.6587
-7.94697 -34.6569
-7.9334 -34.6401
-7.93473 -34.6316
-7.93745 -34.6196
-7.83477 -34.4237
-7.52653 -33.9077
-7.21498 -33.39
-6.9207 -32.9163
-6.9198 -32.9144
-6.93922 -32.9062
-7.52331 -32.6652
-8.08102 -32.3494
-8.67736 -32.1126
-9.26343 -31.872
-9.86013 -31.6385
-10.4192 -31.4085
-10.9797 -31.1643
-11.5046 -30.9113
-12.0173 -30.6667
-12.248 -30.5536
-12.253 -30.5535
-12.2579 -30.5655
-12.2507 -30.5814
-12.2297 -30.5834
-12.2188 -30.5733
-12.2178 -30.5722
-12.2056 -30.563
-12.1869 -30.5592
-11.9536 -30.648
-11.4258 -30.8674
-10.837 -31.0989
-10.2531 -31.3477
-9.66294 -31.5893
-9.08608 -31.8515
-8.94027 -31.9142
-8.93788 -31.9107
-8.8463 -31.5502
-8.67084 -30.9312
-8.46281 -30.325
-8.28061 -29.7421
-8.07629 -29.1738
-7.88739 -28.5928
-7.66188 -27.996
-7.43528 -27.4004
-7.18129 -26.8166
-6.97538 -26.3524
-6.97593 -26.3494
-7.07037 -26.3157
-7.70374 -26.1569
-8.31848 -25.9849
-8.89404 -25.7928
-9.48081 -25.6462
-10.0422 -25.5028
-10.1951 -25.469
-10.2134 -25.4789
-10.2151 -25.4924
-10.2143 -25.4945
-10.213 -25.493
-10.2076 -25.4871
-10.2038 -25.4786
-10.1918 -25.4676
-10.1789 -25.4634
-9.6239 -25.6321
-9.0839 -25.8305
-8.87697 -25.8995
-8.22992 -25.8422
-7.77458 -25.8356
-7.81793 -25.8334
-7.17409 -25.9278
-6.57813 -26.1797
-6.24003 -26.3609
-6.23426 -26.3608
-6.22691 -26.3534
-6.22316 -26.3441
-6.22861 -26.3415
-6.23396 -26.3435
-6.38426 -26.6793
-6.6386 -27.2413
-6.94386 -27.801
-7.22257 -28.3812
-7.30696 -29.0196
-7.22358 -29.6387
-7.21776 -29.658
-6.74171 -29.9371
-6.21175 -30.2563
-5.78444 -30.5157
-5.21364 -30.8921
-4.74394 -31.2329
-4.22304 -31.6136
-3.82085 -31.9013
-3.81585 -31.9044
-3.26396 -31.8439
-2.63947 -31.7545
-2.01903 -31.6392
-1.39061 -31.5312
-0.774159 -31.4096
-0.621113 -31.427
-0.014492 -31.5352
0.58647 -31.61
1.16334 -31.678
1.78851 -31.7577
2.33854 -31.8428
2.53309 -31.7719
3.13254 -31.59
3.65212 -31.5661
4.28097 -31.5475
4.91083 -31.5604
5.54499 -31.5814
6.1782 -31.6329
6.78247 -31.7053
7.30677 -31.7887
7.31698 -31.7853
7.87071 -31.5582
8.45149 -31.3195
9.04841 -31.0866
9.64283 -30.8588
10.2454 -30.6417
10.8603 -30.4801
11.4878 -30.3546
12.1139 -30.2703
12.6153 -30.2178
12.6208 -30.2157
12.6212 -30.2135
12.5067 -29.6732
12.4249 -29.0746
12.3825 -28.4429
12.358 -27.8065
12.3739 -27.1706
12.403 -26.6196
12.4332 -25.9762
12.409 -25.3376
12.4255 -24.7018
12.4383 -24.5226
12.2972 -24.1166
12.106 -23.5692
11.9644 -22.9792
11.8898 -22.3466
11.959 -21.7128
12.0331 -21.0788
11.9608 -20.447
11.8703 -19.8212
11.8408 -19.1823
11.8569 -18.5494
11.9006 -17.9144
11.9807 -17.3095
12.0829 -16.7135
12.1566 -16.1097
12.2375 -15.5131
12.2637 -14.8797
12.2376 -14.2467
12.1651 -13.611
12.1276 -12.9788
12.1046 -12.5662
12.1016 -12.5587
12.0964 -12.555
12.0954 -12.5553
12.0954 -12.5553
11.7462 -12.6504
11.1529 -12.8166
10.5453 -12.8613
9.90928 -12.8513
9.27354 -12.8712
8.63629 -12.8992
7.99843 -12.9141
7.36208 -12.9425
6.72732 -12.9758
6.08854 -13.0258
5.45636 -13.0812
4.87823 -13.1538
4.27675 -13.2278
3.67771 -13.3229
3.07759 -13.4333
2.45422 -13.5737
1.83164 -13.7094
1.20869 -13.8264
0.584787 -13.9589
-0.036556 -14.0804
-0.661927 -14.2093
-1.26057 -14.3197
-1.88894 -14.4418
-2.48788 -14.5583
-3.05804 -14.6794
-3.64206 -14.8311
-4.26428 -14.9742
-4.64961 -15.0538
-4.65669 -15.0659
-4.96539 -15.6235
-5.31806 -16.1581
-5.75063 -16.6183
-6.21166 -17.0619
-6.69453 -17.4735
-7.12798 -17.8925
-7.53343 -18.3484
-7.87909 -18.8096
-8.03991 -19.059
-8.03668 -19.2462
-8.01404 -19.8812
-7.96334 -20.5089
-7.94044 -21.139
-7.85137 -21.773
-7.81793 -22.4014
-7.77703 -23.0388
-7.72001 -23.8182
-7.65468 -24.4183
-7.64274 -24.9961
-7.58787 -25.6069
-7.54228 -26.239
-7.48914 -26.8763
-7.48587 -26.947
-7.48466 -26.9581
-7.40982 -27.599
-7.29584 -28.2378
-7.26694 -28.4158
-7.26421 -28.42
-7.08223 -28.4118
-6.50199 -28.3705
-5.89928 -28.3591
-5.26481 -28.3906
-4.62719 -28.4377
-3.98845 -28.496
-3.83083 -28.5154
-3.82415 -28.5214
-3.82351 -28.5193
-3.90701 -28.9045
-3.93528 -29.5547
-4.00571 -30.24
-4.00591 -30.2386
-4.00598 -30.2371
-3.99756 -30.236
-3.99236 -30.2274
-3.97719 -30.2356
-3.97503 -30.2361
-3.96256 -30.2417
-3.95045 -30.2583
-3.96145 -29.8938
-4.00558 -29.2465
-4.07713 -28.6032
-4.14497 -27.9659
-4.20251 -27.3578
-4.24265 -26.9572
-4.24315 -26.9536
-4.23648 -26.9531
-4.22323 -26.9369
-4.22734 -26.9179
-4.22641 -26.9183
-3.65055 -26.8144
-3.01706 -26.7287
-2.56646 -26.6765
-2.54793 -26.6807
-2.54966 -26.6793
-2.49485 -26.9867
-2.34123 -27.5857
-2.18104 -28.1561
-2.17601 -28.1673
-2.17151 -28.1703
-2.16644 -28.1702
-2.15851 -28.1712
-1.7283 -28.5286
-1.32733 -28.8741
-1.32821 -28.8721
-1.18697 -29.4157
-1.03063 -30.0047
-1.01078 -30.0672
-0.990761 -30.0688
-0.349127 -30.0425
0.251517 -30.0251
0.250521 -30.0252
0.710773 -30.2991
0.906064 -30.4109
0.893124 -30.4197
0.892987 -30.4107
0.877326 -30.3939
0.299041 -30.3117
-0.3046 -30.2197
-0.90108 -30.145
-0.97178 -30.1332
-0.973114 -30.1327
-1.2588 -29.6559
-1.56515 -29.0965
-1.83123 -28.5713
-1.82967 -28.5661
-1.82289 -28.54
-1.81181 -28.531
-1.45236 -28.4537
-0.806231 -28.3423
-0.207476 -28.2791
-0.187763 -28.2775
0.022408 -28.1104
0.031962 -28.1067
0.639388 -27.9589
1.27561 -27.8108
1.90714 -27.6857
2.39519 -27.5969
2.40217 -27.5929
2.95814 -27.3022
3.56715 -27.0819
4.15322 -26.898
4.7089 -26.8346
5.25261 -26.6281
5.82229 -26.3355
6.39029 -26.0927
6.92287 -25.8528
7.51167 -25.5792
7.60038 -25.537
7.60261 -25.5372
7.60007 -25.5356
8.01689 -25.9781
8.15867 -26.1325
8.15892 -26.1361
8.20258 -26.7222
8.30095 -27.2942
8.4276 -27.9278
8.44839 -28.015
8.4488 -28.0141
8.4467 -28.0145
8.44837 -28.0023
8.17968 -27.4841
8.02071 -26.7253
8.00731 -26.0852
8.02715 -25.5009
8.03728 -25.2345
8.04114 -25.2258
8.04512 -25.2262
8.35043 -25.1731
9.00157 -25.1035
9.52648 -25.047
9.52446 -25.0469
9.52646 -25.0479
9.60736 -25.4362
9.75709 -26.0489
9.91134 -26.6422
10.0512 -27.2371
10.1764 -27.8336
10.348 -28.4204
10.5226 -29.0063
10.5466 -29.0771
10.5403 -29.0748
10.553 -29.065
10.5471 -29.0527
10.539 -29.0459
10.2797 -29.2301
9.76877 -29.6057
9.25891 -29.9391
8.79136 -30.2837
8.29358 -30.6379
7.76665 -30.9294
7.18851 -31.198
6.56557 -31.3485
5.94497 -31.5034
5.32523 -31.686
4.71227 -31.8784
4.216 -32.0646
4.21182 -32.0674
4.2124 -32.0682
4.21599 -32.0719
4.27745 -32.0514
4.82961 -31.827
5.42119 -31.5728
5.98125 -31.3354
6.57563 -31.1097
7.18092 -30.893
7.79237 -30.7191
8.40954 -30.55
9.02448 -30.4045
9.64742 -30.2663
10.2653 -30.1354
10.5295 -30.0749
10.5356 -30.073
10.5241 -30.0168
10.3864 -29.4007
10.2079 -28.7837
10.0253 -28.1737
9.82551 -27.5684
9.60514 -26.9484
9.39868 -26.3506
9.19912 -25.7466
9.0943 -25.4672
9.09497 -25.4685
9.00803 -25.5064
8.46178 -25.7851
7.92384 -26.0195
7.34744 -26.2889
6.78036 -26.5792
6.18042 -26.7749
5.58338 -27.0063
5.03557 -27.3119
4.44069 -27.5559
3.86815 -27.8246
3.30762 -28.1268
2.78446 -28.4322
2.19944 -28.6033
1.64269 -28.7654
1.07052 -28.9604
0.458097 -29.1165
-0.157073 -29.3007
-0.759388 -29.5056
-1.3495 -29.7282
-1.9621 -29.8943
-2.57055 -30.0725
-3.16526 -30.2987
-3.86528 -30.5649
-4.46253 -30.6872
-4.99613 -30.9044
-5.54807 -31.1508
-6.07968 -31.4074
-6.68054 -31.658
-7.20633 -31.9193
-7.20495 -31.918
-7.21814 -31.9135
-7.22603 -31.9042
-7.40541 -31.3513
-7.58484 -30.7518
-7.61604 -30.65
-7.61604 -30.65
