0 0 0
4.15448 -0.0665288 0.000389663
8.31419 -0.173106 -0.0129024
12.6035 -0.1837 -0.0848858
16.8016 -0.108137 -0.0601645
20.9607 0.0310604 -0.085476
25.492 0.0946081 -0.127169
29.583 0.104272 -0.194878
34.0787 0.183728 -0.292361
38.3977 0.671044 -0.378781
42.3092 2.15489 -0.498543
45.7973 4.69776 -0.562561
48.3255 7.94648 -0.59199
50.2886 11.8218 -0.632211
51.8675 15.5579 -0.667529
53.1556 19.3964 -0.692883
52.7629 23.7089 -0.695487
50.7512 27.1768 -0.58678
47.6926 30.0891 -0.522667
44.1188 32.5473 -0.4667
40.5032 34.8185 -0.401651
36.5187 37.1607 -0.351521
32.9935 39.1494 -0.25859
29.2275 41.1294 -0.197772
25.0731 43.1332 -0.141528
21.0176 44.953 -0.0935092
16.6157 46.7425 -0.0417203
12.0661 48.4451 -0.00604308
8.18542 49.7695 0.0198388
3.38409 51.1985 0.0664245
-1.40165 52.4516 0.08575
-6.02002 53.5102 0.115937
-10.8048 54.4903 0.119075
-15.4279 55.3133 0.108045
-19.9421 55.9821 0.0799549
-24.4127 56.5277 0.0423674
-28.6809 56.9149 -0.0267491
-32.9258 57.1556 -0.0699266
-37.6373 57.2362 -0.174829
-41.8811 57.1655 -0.257988
-46.3383 56.9468 -0.302992
-50.4695 56.5769 -0.416389
-54.5723 56.2303 -0.503581
-58.697 56.6393 -0.615463
-62.1924 58.589 -0.752286
-64.4811 62.1685 -0.65459
-66.1343 66.0818 -0.803284
-67.5001 70.2838 -0.917276
-68.296 74.2712 -1.09623
-68.7272 78.4764 -1.03921
-68.5322 82.5585 -0.786977
-67.7019 86.7579 -0.744158
-65.9614 90.8068 -0.885501
-63.4285 93.9861 -1.01015
-60.4434 97.0429 -1.10769
-57.4025 100.256 -1.20542
-54.4827 103.553 -1.32324
-51.5074 107.037 -1.48355
-48.5159 110.604 -1.60957
-45.5001 114.31 -1.74902
-43.0202 117.443 -1.89113
-40.1961 121.13 -2.0759
-37.4557 124.821 -2.23314
-34.7926 128.408 -2.33965
-32.1758 131.863 -2.42104
-29.4443 135.492 -2.49634
-26.6444 139.299 -2.5616
-23.9487 143.05 -2.62279
-21.3376 146.82 -2.66819
-18.967 150.133 -2.72183
-16.496 153.632 -2.76175
-14.1679 157.394 -2.80447
-12.5067 161.428 -2.90257
-12.3262 165.517 -3.04827
-13.9103 169.495 -3.25136
-16.7649 172.642 -3.24582
-20.1102 174.949 -3.25494
-23.1495 177.748 -3.42866
-24.1324 181.917 -3.47574
-22.5078 185.816 -3.47603
-19.9725 189.153 -3.52048
-17.4747 192.276 -3.60298
-14.9016 195.565 -3.66846
-12.3912 198.93 -3.74116
-10.071 202.321 -3.8032
-8.41644 206.35 -3.85198
-8.45973 210.504 -3.88686
-10.3896 214.291 -3.91336
-13.5319 217.022 -3.8801
-16.8909 219.226 -3.98083
-20.4208 221.659 -4.09885
-23.9123 224.396 -4.16463
-27.0288 226.99 -4.22063
-30.2705 229.652 -4.26338
-33.5794 232.275 -4.30339
-37.1049 234.912 -4.34462
-40.6973 237.518 -4.49741
-44.2724 240.093 -4.60382
-47.7257 242.573 -4.68974
-51.2488 245.065 -4.79173
-54.8727 247.632 -4.8901
-58.1529 249.927 -4.97533
-61.7831 252.211 -5.01199
-65.8392 253.87 -5.11772
-69.9843 254.282 -5.24382
-74.0811 253.334 -5.29096
-77.5121 251.091 -5.27009
-79.9138 247.678 -5.20017
-80.2268 243.488 -5.07164
-78.4499 239.783 -4.90246
-75.4115 236.793 -4.74221
-71.9578 234.173 -4.66155
-68.4241 231.728 -4.61583
-64.605 229.135 -4.54928
-61.258 226.84 -4.47897
-57.8552 224.518 -4.40056
-54.3409 222.086 -4.316
-50.9682 219.773 -4.19892
-47.522 217.372 -4.04825
-44.2829 215.023 -4.02095
-40.6047 212.36 -3.99391
-37.0394 209.767 -3.94575
-33.4781 207.243 -3.88665
-30.2042 204.92 -3.82684
-26.6948 202.426 -3.69169
-23.488 199.83 -3.67892
-21.0818 196.525 -3.67946
-20.5861 192.444 -3.61179
-22.089 188.772 -3.53042
-24.4163 185.572 -3.51903
-27.0415 182.121 -3.53094
-29.4917 178.733 -3.52909
-31.9096 175.212 -3.53025
-34.4282 171.704 -3.51132
-36.8986 168.294 -3.45241
-39.22 164.997 -3.39504
-41.53 161.568 -3.31911
-43.8947 158.223 -3.24528
-47.0151 155.4 -3.2619
-50.8444 154.126 -3.28768
-54.8101 154.506 -3.29043
-58.8562 156.15 -3.2755
-62.6291 158.334 -3.40115
-66.026 160.56 -3.46323
-69.5087 162.943 -3.49323
-73.0695 165.402 -3.52665
-76.649 167.919 -3.54768
-80.2874 170.501 -3.56919
-83.5071 172.838 -3.67763
-86.7675 175.222 -3.80167
-90.4239 177.916 -3.9022
-93.9287 180.535 -3.96975
-97.2781 183.059 -4.02368
-100.787 185.74 -4.09511
-103.96 188.169 -4.12863
-107.251 190.547 -4.15702
-111.251 192.434 -4.29438
-115.634 192.697 -4.39958
-119.643 191.024 -4.49176
-122.263 187.898 -4.50572
-123.241 183.538 -4.41255
-122.548 179.478 -4.29159
-120.453 175.68 -4.1556
-117.543 172.696 -4.05378
-114.047 170.175 -4.06139
-110.18 167.832 -4.01391
-106.804 165.648 -3.95794
-103.414 163.368 -3.89876
-99.8911 160.878 -3.82619
-96.5223 158.397 -3.72903
-93.1141 155.818 -3.59843
-89.6036 153.123 -3.55053
-86.1994 150.469 -3.55534
-82.763 147.791 -3.5123
-79.3905 145.169 -3.47164
-76.2311 142.726 -3.40596
-72.6411 140.24 -3.3332
-68.6898 138.467 -3.23437
-64.6546 137.746 -3.27629
-60.4782 138.112 -3.30141
-56.513 139.755 -3.35838
-53.2538 142.476 -3.41515
-50.7008 145.643 -3.40973
-48.229 149.002 -3.39862
-45.8601 152.311 -3.37023
-43.3405 155.834 -3.35117
-40.7464 159.447 -3.40475
-38.3528 162.779 -3.45663
-36.0222 166.033 -3.51646
-33.6572 169.32 -3.5704
-31.3927 172.651 -3.62906
-30.0732 176.456 -3.64457
-30.4439 180.482 -3.64562
-32.5021 184.038 -3.61159
-35.5851 186.907 -3.45121
-38.9232 189.371 -3.21868
-42.5069 191.854 -3.01768
-45.8217 194.175 -2.87015
-49.126 196.49 -2.69944
-52.5463 198.905 -2.54234
-55.9683 201.332 -2.37272
-59.3284 203.726 -2.231
-62.8661 206.236 -2.08723
-66.2254 208.618 -1.94954
-69.6298 211.024 -1.82385
-72.9462 213.366 -1.68464
-76.5482 215.866 -1.55217
-79.9192 218.171 -1.43189
-83.3153 220.526 -1.3178
-86.4937 223.159 -1.31735
-88.8434 226.755 -1.47678
-89.1615 231.131 -1.56114
-87.2401 234.783 -1.59971
-83.5074 237.005 -1.63577
-79.4533 237.083 -1.57615
-75.7156 235.683 -1.44611
-72.0419 233.391 -1.40248
-68.7178 231.118 -1.37498
-65.2279 228.722 -1.29986
-61.6272 226.239 -1.23426
-58.1403 223.845 -1.12914
-54.7011 221.505 -1.02107
-51.2855 219.212 -0.913239
-47.8331 216.927 -0.816558
-44.4381 214.678 -0.773734
-41.061 212.4 -0.730286
-37.3497 209.808 -0.702365
-33.9863 207.275 -0.644008
-30.8388 204.674 -0.545538
-27.4239 201.951 -0.448651
-23.8571 199.798 -0.409134
-19.8057 198.855 -0.450833
-15.5078 199.674 -0.467518
-12.0588 202.079 -0.506696
-9.91111 205.652 -0.56549
-9.33017 209.776 -0.657457
-10.511 213.95 -0.730298
-12.9549 217.12 -0.731431
-16.0219 219.671 -0.793236
-19.4705 222.112 -0.872778
-23.0225 224.495 -0.929456
-26.6164 226.874 -0.977938
-30.1847 229.218 -1.02526
-33.7902 231.609 -1.07037
-37.4527 234.052 -1.12997
-41.0609 236.502 -1.22464
-44.7592 239.014 -1.33971
-48.4226 241.529 -1.47595
-52.0051 244.004 -1.55522
-55.5327 246.498 -1.58439
-58.8847 248.909 -1.63346
-62.2993 251.41 -1.68494
-65.7184 253.592 -1.79781
-69.8613 254.852 -1.90959
-74.02 254.362 -1.92825
-77.5828 252.139 -1.9045
-80.1407 248.717 -1.87401
-82.2833 245.261 -1.81084
-84.6469 241.549 -1.74302
-87.1495 237.908 -1.67107
-89.6268 234.553 -1.58837
-92.3941 231.073 -1.59157
-95.2082 227.637 -1.5914
-97.9998 224.157 -1.57773
-100.664 220.768 -1.56076
-103.262 217.383 -1.55225
-105.814 213.911 -1.52719
-108.178 210.534 -1.49373
-110.555 207.083 -1.45604
-113.009 203.649 -1.41762
-115.48 200.22 -1.45946
-117.877 196.963 -1.47672
-120.268 193.714 -1.4889
-122.604 190.264 -1.49902
-124.174 186.442 -1.49013
-124.343 182.355 -1.45049
-123 178.366 -1.38658
-120.312 175.104 -1.24223
-116.985 172.608 -1.15928
-113.365 170.269 -1.11402
-109.669 167.837 -1.07101
-106.109 165.401 -1.0405
-102.501 162.899 -0.967546
-98.9408 160.4 -0.862978
-95.4907 157.988 -0.747718
-92.0099 155.52 -0.657838
-88.5607 153.041 -0.638587
-85.0695 150.544 -0.63411
-81.4506 147.857 -0.602482
-78.0319 145.193 -0.554719
-74.8021 142.615 -0.489678
-71.6171 140.2 -0.418602
-67.8272 138.073 -0.402977
-63.6344 136.876 -0.413043
-59.5628 137.004 -0.394216
-55.5981 138.588 -0.386019
-52.3934 141.441 -0.389358
-50.6301 145.174 -0.390843
-50.957 149.339 -0.398855
-53.2109 152.678 -0.402812
-56.6036 155.114 -0.379597
-60.1607 157.091 -0.434154
-64.0067 159.32 -0.531837
-67.4745 161.471 -0.592926
-70.9814 163.81 -0.606555
-74.4402 166.198 -0.632554
-77.9728 168.658 -0.652517
-81.5108 171.11 -0.668422
-85.067 173.576 -0.764425
-88.6193 176.039 -0.883881
-92.2726 178.58 -0.995583
-95.7386 180.994 -1.06079
-99.1773 183.391 -1.09609
-102.554 185.775 -1.14061
-105.853 188.166 -1.16474
-109.038 190.933 -1.20474
-111.417 194.384 -1.33033
-112.454 198.337 -1.41222
-111.99 202.287 -1.42505
-109.55 205.714 -1.45035
-105.661 207.392 -1.44562
-101.549 207.06 -1.37254
-97.9542 205.342 -1.23069
-94.5506 202.831 -0.996791
-91.4631 200.308 -0.712673
-88.2107 197.731 -0.39792
-84.7263 195.077 -0.0987876
-81.2197 192.498 0.179805
-77.6248 189.93 0.457679
-73.9796 187.369 0.777192
-70.7107 185.059 1.05794
-67.0601 182.507 1.33583
-63.4246 179.999 1.5935
-59.7109 177.536 1.85268
-56.1982 175.279 2.14818
-52.5889 173.021 2.41951
-49.12 170.687 2.70787
-46 167.883 2.75048
-43.9279 164.268 2.75771
-43.4769 160.26 2.79141
-44.9089 156.278 2.839
-48.21 153.554 2.764
-52.1648 152.929 2.71122
-55.9615 154.11 2.71402
-59.6058 156.443 2.72835
-62.8163 158.957 2.62978
-66.221 161.709 2.50678
-69.5434 164.341 2.46488
-73.05 167.006 2.45388
-76.5034 169.573 2.45018
-80.0227 172.174 2.40564
-83.4676 174.678 2.30674
-86.9061 177.124 2.20248
-90.453 179.617 2.11938
-94.1664 182.176 2.02769
-97.742 184.598 1.99481
-101.208 186.892 1.92376
-104.655 189.207 1.89282
-108.142 191.414 1.86766
-112.195 193.077 1.69193
-116.634 193.17 1.5571
-120.607 191.597 1.47061
-123.483 188.586 1.44496
-124.797 184.592 1.43724
-124.303 180.286 1.47049
-122.137 176.53 1.58106
-119.022 173.465 1.73521
-115.719 170.998 1.75396
-112.178 168.617 1.78127
-108.501 166.237 1.85717
-105.132 164.051 1.91269
-101.504 161.57 2.03321
-98.0488 159.07 2.12473
-94.5704 156.425 2.20305
-91.1944 153.842 2.28506
-87.8367 151.242 2.34345
-84.4429 148.626 2.36939
-81.1673 146.113 2.39449
-77.9933 143.657 2.43799
-74.6671 141.087 2.51555
-71.3374 138.703 2.60036
-67.6703 136.793 2.59507
-63.3043 136.045 2.58831
-59.3645 136.927 2.62252
-55.7664 139.289 2.65655
-52.9485 142.348 2.65759
-50.533 145.728 2.6821
-48.1156 149.229 2.72406
-45.6955 152.585 2.76738
-43.2208 155.949 2.85052
-40.6882 159.325 2.79457
-38.132 162.749 2.77781
-35.6086 166.136 2.76772
-33.0769 169.538 2.76947
-30.5842 172.925 2.7645
-28.0935 176.409 2.75849
-25.6755 179.876 2.77101
-23.2855 183.368 2.77774
-20.9417 186.804 2.81078
-18.6341 190.161 2.73898
-16.211 193.578 2.69727
-13.7977 196.816 2.67212
-11.278 200.314 2.65382
-9.39255 204.167 2.60593
-8.74273 208.53 2.54592
-9.43441 212.485 2.51774
-11.3869 216.059 2.51515
-14.4296 218.929 2.54145
-18.053 221.324 2.5027
-21.7584 223.624 2.42298
-25.4495 226.027 2.38962
-29.0745 228.511 2.36987
-32.645 230.989 2.35302
-36.0571 233.372 2.31493
-39.3317 235.689 2.22751
-42.8631 238.212 2.15018
-46.4416 240.797 2.05872
-49.9383 243.351 1.99483
-53.4321 246.023 1.93893
-56.6034 248.501 1.89034
-59.9421 251.172 1.8627
-63.4346 253.55 1.8341
-67.335 254.967 1.70612
-71.5771 255.013 1.64053
-75.4764 253.641 1.62563
-78.6429 250.541 1.65243
-79.7959 246.382 1.69222
-79.0221 242.283 1.7656
-76.7418 238.538 1.89662
-73.8721 235.55 2.02875
-70.4265 232.758 2.04904
-67.1081 230.223 2.04932
-63.6922 227.656 2.0674
-60.1812 225.047 2.1237
-56.5957 222.448 2.25038
-53.0974 219.939 2.32312
-49.6756 217.507 2.38422
-46.2084 215.087 2.42384
-42.7279 212.698 2.47583
-39.185 210.272 2.49116
-35.8011 208.002 2.49471
-32.3954 205.785 2.53557
-28.8835 203.418 2.61324
-25.707 200.934 2.7022
-22.8632 197.827 2.65916
-21.1627 194.024 2.67131
-21.1499 189.735 2.72342
-23.2027 186.099 2.75279
-26.8821 183.999 2.72959
-31.1879 183.915 2.72009
-34.8687 185.552 2.72701
-38.2822 187.991 2.86836
-41.6677 190.679 3.07894
-45.025 193.26 3.26455
-48.4433 195.898 3.45772
-51.8017 198.443 3.6346
-55.0554 200.909 3.80757
-58.6037 203.562 3.9944
-62.2699 206.264 4.19976
-65.5835 208.677 4.32866
-68.9574 211.109 4.49037
-72.2758 213.48 4.68996
-75.9909 216.07 4.89942
-79.436 218.548 5.07617
-82.7397 221.196 5.2403
-85.5043 224.22 5.25897
-87.4323 227.752 5.18753
-88.0105 231.985 5.12855
-86.5873 235.735 5.10435
-83.3879 238.29 5.05521
-79.2248 238.734 5.07152
-75.4488 237.199 5.16717
-71.9609 234.569 5.19819
-68.784 231.746 5.20018
-65.5001 228.731 5.24209
-62.1905 225.656 5.27341
-58.8167 222.638 5.33831
-55.4312 219.744 5.40299
-52.0739 217.023 5.49231
-48.5364 214.315 5.56339
-45.199 211.871 5.57121
-41.9524 209.486 5.56579
-38.5155 206.879 5.56519
-35.1338 204.237 5.61606
-31.7912 201.618 5.66635
-28.499 199.067 5.71822
-25.1112 196.595 5.69021
-21.5924 194.526 5.67199
-17.4396 193.674 5.66493
-13.4192 194.746 5.62601
-10.3773 197.606 5.61828
-8.67394 201.695 5.57869
-8.19806 206.076 5.49659
-8.85207 210.118 5.43704
-10.5968 213.77 5.4243
-13.2749 216.83 5.45044
-16.4945 219.493 5.37471
-20.0181 222.014 5.30918
-23.3678 224.276 5.30637
-27.1916 226.75 5.30926
-30.7469 229.026 5.28998
-34.2914 231.276 5.27928
-38.084 233.695 5.27253
-41.7555 236.055 5.21648
-45.3807 238.408 5.11135
-48.7783 240.653 5.0331
-52.5654 243.175 4.97639
-56.1553 245.607 4.98303
-59.6764 248.003 4.97979
-63.2117 250.276 4.99759
-66.8739 252.128 4.90671
-70.919 253.188 4.83415
-75.082 253.098 4.81742
-79.1186 251.565 4.81944
-82.5005 248.811 4.82175
-85.2555 245.286 4.87138
-87.6411 241.511 4.95345
-89.9624 237.769 5.05701
-92.441 233.931 5.05292
-94.695 230.605 5.04535
-97.0866 227.207 5.06306
-99.4902 223.9 5.06854
-101.961 220.63 5.10906
-104.564 217.243 5.09554
-107.141 213.911 5.11304
-109.664 210.67 5.15103
-112.396 207.091 5.19023
-114.989 203.697 5.16235
-117.533 200.271 5.11083
-119.994 196.75 5.0725
-122.252 193.265 5.05174
-124.152 189.548 5.05409
-125.135 185.464 5.04483
-124.941 181.326 5.06358
-123.277 177.343 5.1344
-120.344 174.095 5.24276
-116.613 171.352 5.25995
-113.194 169.096 5.27317
-109.682 166.862 5.30571
-106.064 164.562 5.30944
-102.453 162.244 5.38751
-98.9195 159.96 5.44271
-95.3487 157.635 5.52018
-91.8365 155.292 5.60924
-88.3153 152.905 5.59851
-84.8092 150.488 5.5842
-81.3068 148.01 5.58097
-78.0263 145.62 5.60691
-74.4878 142.952 5.68468
-71.1205 140.626 5.73776
-67.3805 138.778 5.73611
-63.0363 137.864 5.72035
-58.8779 138.552 5.765
-55.3568 141.132 5.7835
-53.7576 144.897 5.82523
-54.1089 148.961 5.83096
-56.3017 152.49 5.86642
-59.7528 155.242 5.91642
-63.3852 157.489 5.82546
-66.8158 159.598 5.72196
-70.2614 161.797 5.69259
-73.7603 164.121 5.70744
-77.31 166.585 5.69727
-80.7991 169.114 5.66161
-84.3136 171.691 5.59942
-87.9245 174.331 5.53465
-91.4473 176.856 5.46425
-94.9934 179.335 5.3596
-98.3745 181.644 5.30916
-101.998 184.065 5.30499
-105.35 186.458 5.3212
-108.375 189.039 5.33479
-111.007 192.408 5.21327
-112.501 196.467 5.12775
-112.642 200.468 5.11816
-111.538 204.382 5.14109
-109.335 208.033 5.10624
-106.607 211.494 5.08081
-104.049 214.625 5.06055
-101.505 217.743 5.04816
-98.7553 221.221 5.032
-96.2671 224.365 5.01987
-93.6117 227.818 5.00569
-90.9864 231.304 5.00365
-88.4194 234.47 5.01267
-85.2297 237.018 4.9792
-81.4819 238.374 4.9454
-77.3892 238.336 4.98361
-73.5312 236.935 5.08732
-69.7572 234.468 5.09593
-66.5674 231.857 5.07706
-63.5229 229.31 5.12374
-60.1686 226.527 5.14867
-56.7255 223.712 5.22736
-53.4413 221.055 5.2955
-50.0913 218.413 5.39039
-46.7886 215.849 5.46713
-43.474 213.304 5.47963
-40.2592 210.82 5.477
-36.7369 208.07 5.49012
-33.3645 205.45 5.52591
-30.1665 202.951 5.59534
-26.9275 200.089 5.67045
-24.2609 196.785 5.66331
-22.7002 192.807 5.68503
-22.5582 188.504 5.75845
-23.865 184.314 5.79253
-25.9224 180.829 5.79555
-28.3417 177.381 5.80816
-30.9588 173.887 5.82614
-33.6613 170.379 5.86179
-36.3941 166.904 5.87844
-39.1705 163.39 5.9112
-41.8131 160.019 5.94855
-44.393 156.727 6.01112
-47.0333 153.301 5.97643
-49.6189 149.929 5.94121
-52.2215 146.59 5.91483
-54.9717 143.486 5.90256
-58.2548 140.922 5.88162
-62.1588 139.394 5.85875
-66.3 139.166 5.87054
-70.5567 140.41 5.91691
-74.0383 142.487 5.84642
-77.4553 145.056 5.77463
-81.0392 147.853 5.74242
-84.5892 150.618 5.75598
-87.7517 153.075 5.74515
-90.9327 155.545 5.73898
-94.4186 158.206 5.68862
-97.6402 160.642 5.63354
-101.163 163.271 5.54488
-104.645 165.827 5.43395
-108.03 168.269 5.39793
-111.328 170.614 5.4084
-114.889 173.066 5.39294
-118.055 175.526 5.37657
-120.649 178.78 5.28
-122.025 182.922 5.192
-121.767 187.26 5.16793
-120.218 191.03 5.16697
-117.717 194.657 5.17742
-115.229 197.825 5.20307
-112.788 201.067 5.24387
-110.444 204.392 5.2812
-108.146 207.61 5.23996
-105.754 210.872 5.20869
-103.26 214.192 5.17565
-100.809 217.441 5.15526
-98.2921 220.793 5.13885
-95.7687 224.148 5.11071
-93.2573 227.511 5.09268
-90.7956 230.846 5.07962
-88.4402 234.067 5.07354
-86.049 237.358 5.0251
-83.7134 240.593 4.95088
-81.0638 244.187 4.87049
-78.3773 247.563 4.80822
-75.4576 250.582 4.77396
-71.7335 252.705 4.7458
-67.5833 253.06 4.75682
-63.5115 251.573 4.84213
-59.9395 249.337 4.87738
-56.6364 247.087 4.88037
-53.1126 244.622 4.92895
-49.5214 242.09 4.92758
-46.0549 239.615 4.9887
-42.5184 237.056 5.06489
-38.8282 234.355 5.17977
-35.2474 231.731 5.24857
-31.8858 229.27 5.25914
-28.5439 226.814 5.25539
-25.2602 224.401 5.26571
-22.0046 222.028 5.27521
-18.6241 219.593 5.30756
-15.0701 217.017 5.38124
-11.841 214.161 5.3991
-9.41404 210.643 5.39256
-8.64547 206.634 5.42915
-9.62727 202.659 5.50655
-11.883 199.2 5.56797
-15.2643 196.707 5.60805
-19.4885 195.795 5.63032
-23.6431 196.477 5.69428
-27.3031 198.092 5.77393
-30.816 200.474 5.7109
-34.3402 203.299 5.62958
-37.4303 205.846 5.61437
-40.5234 208.417 5.63498
-43.997 211.28 5.61111
-47.5002 214.1 5.5759
-50.973 216.868 5.52911
-54.4715 219.621 5.4688
-57.9624 222.31 5.41288
-61.4827 224.976 5.32513
-64.8685 227.479 5.29733
-68.5661 230.053 5.26252
-72.1626 232.254 5.2811
-75.9225 233.981 5.2799
-79.8301 235.038 5.20727
-84.2817 235.245 5.18804
-88.538 234.155 5.19286
-92.1843 232.095 5.14449
-95.4926 229.263 5.12407
-98.5214 226.081 5.12582
-101.162 223.007 5.15051
-103.983 219.423 5.17048
-106.548 215.889 5.18558
-109.029 212.279 5.21137
-111.309 208.807 5.24314
-113.55 205.2 5.29622
-115.673 201.518 5.23309
-117.625 197.792 5.20391
-119.411 193.987 5.18875
-120.925 190.072 5.18834
-121.728 186.021 5.20242
-121.278 181.892 5.21845
-119.569 178.068 5.30459
-116.783 174.721 5.39386
-113.711 172.062 5.40423
-110.262 169.602 5.40823
-106.712 167.25 5.40241
-103.115 164.924 5.43554
-99.5538 162.657 5.53293
-96.0592 160.471 5.60571
-92.2804 158.175 5.68431
-88.414 155.886 5.71895
-85.0205 153.873 5.74328
-81.5429 151.764 5.73799
-78.0763 149.591 5.70494
-74.7264 147.427 5.72541
-71.3772 145.24 5.81946
-67.7842 142.967 5.91231
-64.0107 141.075 5.83816
-59.8307 140.144 5.82247
-55.698 140.598 5.8372
-52.015 142.369 5.87406
-48.9585 145.243 5.8949
-46.6526 148.859 5.92512
-45.1282 152.61 5.96686
-43.6551 156.469 6.01218
-41.9829 160.164 5.96037
-39.72 163.769 5.93595
-37.1532 167.093 5.90771
-34.4105 170.23 5.89666
-31.5485 173.354 5.88055
-28.66 176.43 5.86433
-25.9576 179.331 5.86141
-23.3999 182.585 5.8546
-21.726 186.568 5.8789
-21.741 190.695 5.79461
-23.4067 194.672 5.75982
-26.3213 198.125 5.79067
-29.5672 201.055 5.71609
-32.6666 203.698 5.63189
-35.9765 206.413 5.60423
-39.3378 209.104 5.60087
-42.7058 211.738 5.56823
-46.0784 214.35 5.53107
-49.4055 216.888 5.52398
-52.627 219.382 5.4538
-56.0603 222.048 5.3459
-59.4086 224.721 5.24377
-62.7138 227.449 5.17367
-65.9937 230.206 5.15929
-69.1252 232.876 5.13624
-72.1984 235.486 5.13042
-75.5933 237.777 5.05184
-79.7226 238.966 4.94968
-83.8454 238.527 4.93395
-87.5121 236.436 4.97654
-89.9347 232.892 4.98853
-90.3937 228.642 5.0204
-88.8178 224.66 5.09672
-85.9107 221.486 5.24928
-82.6391 218.757 5.17916
-79.3184 216.179 5.02966
-75.8899 213.563 4.87179
-72.4364 210.958 4.68318
-68.9556 208.325 4.5113
-65.5228 205.707 4.33915
-62.0718 203.081 4.17514
-58.6115 200.478 4.00161
-55.2617 197.955 3.7982
-51.9574 195.515 3.58518
-48.46 192.971 3.39111
-45.089 190.566 3.18513
-41.6982 188.199 3.01063
-38.1357 185.671 2.76533
-35.009 183.043 2.61651
-32.6586 179.624 2.58762
-31.873 175.471 2.57218
-33.1665 171.465 2.6023
-36.2143 168.796 2.61494
-40.4263 168.055 2.63207
-44.2069 169.291 2.67045
-47.6097 171.57 2.72621
-50.8401 174.011 2.45545
-54.3292 176.652 2.20996
-57.8108 179.223 1.94592
-61.2807 181.755 1.71286
-64.7405 184.281 1.4757
-68.1833 186.793 1.22367
-71.5935 189.278 0.958195
-75.1026 191.826 0.701837
-78.5692 194.311 0.425655
-82.0081 196.758 0.172834
-85.4599 199.2 -0.134119
-88.8616 201.567 -0.406285
-92.2521 203.952 -0.671264
-95.4383 206.473 -0.953147
-98.0854 209.665 -1.11809
-99.3941 213.776 -1.24205
-98.677 217.853 -1.29084
-96.0096 220.981 -1.30734
-92.0346 222.204 -1.28811
-88.0507 221.426 -1.18406
-84.2858 219.218 -1.12769
-80.7931 216.527 -1.29929
-77.535 213.967 -1.45857
-74.0523 211.327 -1.61395
-70.8306 208.952 -1.76243
-67.5294 206.539 -1.95205
-64.1009 204.083 -2.13708
-60.6305 201.61 -2.30825
-57.0268 199.052 -2.49276
-53.5972 196.614 -2.70704
-50.2725 194.224 -2.89214
-46.8296 191.728 -3.09843
-43.5578 189.319 -3.2871
-40.3189 186.924 -3.50922
-37.038 184.468 -3.78623
-33.78 182.041 -4.02041
-30.372 179.542 -4.16427
-27.0181 177.148 -4.19141
-23.6338 174.781 -4.1794
-20.3097 172.507 -4.02944
-16.8855 169.981 -4.1326
-14.9745 166.388 -4.17145
-15.8825 162.242 -4.09044
-18.2841 158.87 -4.02674
-21.0858 155.582 -3.9855
-23.7636 152.375 -3.94062
-26.6151 148.781 -3.90475
-29.3778 145.056 -3.84724
-31.7184 141.773 -3.79649
-34.1488 138.163 -3.73248
-36.3557 134.77 -3.68149
-38.5824 131.35 -3.59647
-41.0217 127.562 -3.44141
-43.4801 123.936 -3.27653
-45.806 120.587 -3.06754
-48.0856 117.198 -2.8881
-50.6122 113.71 -2.71533
-53.5409 110.885 -2.58442
-57.57 109.696 -2.51029
-61.6117 111.218 -2.37014
-64.9011 113.79 -2.29442
-68.0878 116.466 -2.24173
-71.4678 119.158 -2.18687
-74.6907 121.636 -2.13697
-78.1078 124.217 -2.12688
-81.544 126.777 -2.11842
-85.0145 129.342 -2.10058
-88.6137 131.988 -2.11624
-92.2478 134.669 -2.12151
-96.005 137.417 -2.12711
-99.2333 139.794 -2.14375
-102.527 142.215 -2.14984
-105.768 144.616 -2.18359
-109.103 147.1 -2.21589
-112.34 149.525 -2.264
-115.719 152.05 -2.29989
-118.996 154.474 -2.34809
-122.282 156.931 -2.39977
-125.856 159.629 -2.46148
-129.287 162.257 -2.5462
-132.535 164.811 -2.63097
-136.009 167.501 -2.72442
-139.618 169.576 -2.80001
-143.782 170.442 -2.83645
-147.822 169.48 -2.83669
-151.184 166.725 -2.80852
-153.617 163.192 -2.75227
-155.869 159.475 -2.68879
-157.949 156.027 -2.60596
-160.366 152.706 -2.52441
-163.275 149.768 -2.47149
-166.959 147.965 -2.43267
-171.015 147.973 -2.47637
-174.713 149.689 -2.47545
-177.861 152.386 -2.54732
-179.452 156.151 -2.71009
-178.246 160.428 -2.74501
-175.679 163.963 -2.81646
-172.826 167.487 -2.90307
-170.104 170.871 -2.9656
-167.263 174.477 -3.04182
-164.687 177.738 -3.10836
-161.663 181.558 -3.19288
-159.067 184.826 -3.27975
-156.398 188.179 -3.36125
-153.717 191.537 -3.4475
-151.011 194.901 -3.52443
-148.365 198.194 -3.61944
-145.611 201.63 -3.71794
-143.141 204.953 -3.80706
-140.801 208.259 -3.88855
-138.292 211.944 -3.99427
-135.9 215.461 -4.08011
-133.46 218.917 -4.16965
-130.913 222.18 -4.26908
-127.732 224.945 -4.40734
-123.679 225.505 -4.42466
-120.152 223.575 -4.30179
-116.756 220.825 -4.21556
-113.491 218.232 -4.13877
-110.298 215.756 -4.05557
-107.136 213.301 -4.04627
-103.943 210.831 -4.05345
-100.725 208.376 -4.05846
-97.3373 205.796 -3.8517
-93.9448 203.207 -3.63497
-90.4759 200.571 -3.43202
-87.0607 197.992 -3.23837
-83.5951 195.4 -3.06013
-80.1308 192.8 -2.87871
-76.5636 190.169 -2.68944
-73.0217 187.569 -2.5139
-69.4501 184.966 -2.35904
-65.9488 182.398 -2.19813
-62.4908 179.846 -2.04844
-59.1297 177.357 -1.90024
-55.8908 174.956 -1.76341
-52.4472 172.385 -1.63856
-49.0577 169.836 -1.47833
-45.8404 167.259 -1.52619
-42.3344 165.216 -1.6604
-38.0903 165.451 -1.78641
-34.5292 167.493 -1.87569
-31.6845 170.787 -1.89571
-30.2925 174.576 -1.92644
-30.4493 178.921 -1.90968
-32.5154 182.751 -1.80762
-35.4467 185.748 -1.68126
-38.954 188.545 -1.39809
-42.1467 191.013 -1.14561
-45.4785 193.536 -0.838171
-48.9027 196.1 -0.521904
-52.3971 198.708 -0.226317
-55.7889 201.222 0.0399733
-59.3277 203.842 0.3048
-62.5246 206.195 0.574878
-65.9637 208.728 0.85217
-69.54 211.336 1.09999
-73.0364 213.88 1.34934
-76.5146 216.555 1.62029
-79.8406 219.16 1.90178
-83.1563 221.765 2.18189
-86.7112 224.217 2.14574
-90.6518 225.571 2.12153
-95.0661 225.262 2.19735
-98.6518 223.082 2.24577
-101.1 219.651 2.30629
-102.016 215.526 2.35147
-101.177 211.358 2.37885
-98.9314 207.789 2.4206
-95.9247 204.854 2.46486
-92.6506 202.337 2.66345
-89.2782 199.986 2.84522
-85.9586 197.555 3.03605
-82.309 194.895 3.25233
-78.8852 192.389 3.45569
-75.2831 189.724 3.60135
-72.0818 187.297 3.77114
-68.8681 184.833 3.96905
-65.6447 182.373 4.14358
-62.4653 179.961 4.29095
-59.0027 177.367 4.44923
-55.485 174.779 4.63369
-52.1424 172.346 4.82844
-48.9373 169.847 5.01671
-46.3319 166.641 5.00645
-45.1956 162.505 4.97604
-45.7807 158.51 5.0086
-47.9662 154.848 5.00786
-51.2911 152.582 5.01783
-55.3517 152.211 5.08624
-59.3255 153.682 5.22122
-62.9168 155.869 5.214
-66.5887 158.387 5.19787
-69.8768 160.703 5.24401
-73.2485 163.109 5.33209
-76.6541 165.563 5.39404
-80.1074 168.07 5.44204
-83.4845 170.508 5.50595
-86.7689 172.88 5.52316
-90.3629 175.489 5.49821
-93.8697 178.056 5.46836
-97.2455 180.562 5.49289
-100.584 183.06 5.59894
-104.008 185.733 5.66209
-107.17 188.53 5.74776
-109.848 191.663 5.72159
-111.629 195.275 5.68604
-111.989 199.623 5.66988
-110.791 203.489 5.66748
-108.62 207.259 5.60149
-106.056 210.867 5.52183
-103.625 214.074 5.44379
-101.076 217.287 5.37945
-98.5671 220.367 5.33101
-95.7581 223.679 5.2441
-92.8962 227.035 5.17854
-90.0667 230.379 5.11312
-87.2637 233.409 5.0636
-83.8437 235.784 4.98111
-79.8261 236.943 4.87255
-75.4222 236.393 4.8212
-71.7577 234.625 4.83652
-68.189 232.058 4.73416
-65.0714 229.538 4.65797
-61.811 226.886 4.59226
-58.5789 224.259 4.57652
-55.3622 221.686 4.59844
-52.1988 219.191 4.58408
-49.0409 216.704 4.56885
-45.8753 214.245 4.55525
-42.6447 211.767 4.49831
-39.3777 209.303 4.41331
-36.0814 206.828 4.34033
-32.8475 204.413 4.29972
-29.4561 201.653 4.28746
-26.5275 198.643 4.2896
-24.1359 195.109 4.22667
-22.7774 191.274 4.21164
-22.4998 187.188 4.2593
-23.2452 183.129 4.29464
-24.8041 179.199 4.31227
-26.8408 175.556 4.362
-29.5915 172.273 4.42861
-33.0104 169.968 4.51998
-36.9371 168.877 4.6201
-41.0304 169.107 4.74675
-44.8846 170.342 4.88543
-48.7407 172.439 4.86311
-52.2391 174.805 4.6617
-55.5029 177.109 4.5085
-59.1092 179.693 4.32503
-62.4498 182.083 4.15271
-65.738 184.441 4.00616
-69.0195 186.806 3.85945
-72.488 189.316 3.64142
-75.7552 191.738 3.44321
-79.1955 194.308 3.26094
-82.4205 196.729 3.07594
-85.6973 199.187 2.86881
-89.0917 201.769 2.63596
-92.5571 204.377 2.41221
-95.8593 207.191 2.22246
-98.3343 210.693 2.1304
-99.2116 214.865 2.07107
-98.3502 218.918 2.02748
-96.2556 222.664 1.96511
-93.8091 225.955 1.91549
-91.3089 229.204 1.87774
-88.6907 232.64 1.84025
-86.0568 235.649 1.80483
-82.4956 237.779 1.69923
-78.423 238.069 1.64539
-74.5573 236.83 1.65054
-71.0858 234.815 1.65038
-67.628 232.287 1.58369
-64.4211 229.854 1.51505
-61.0666 227.329 1.43816
-57.747 224.812 1.41413
-54.4156 222.273 1.45841
-51.0532 219.683 1.45755
-47.7611 217.132 1.44351
-44.5229 214.622 1.41068
-41.1402 211.998 1.38621
-37.994 209.54 1.32368
-34.5287 206.861 1.24454
-31.3026 204.352 1.21182
-27.9031 201.673 1.20836
-24.6874 198.736 1.21824
-22.4312 195.344 1.12462
-21.397 191.391 1.11748
-21.731 187.376 1.17662
-23.4467 183.594 1.23058
-25.8712 180.146 1.26892
-28.2582 176.921 1.31679
-30.673 173.627 1.36523
-33.0448 170.337 1.43861
-35.4378 166.984 1.4887
-37.9778 163.383 1.55881
-40.4207 159.887 1.62648
-43.1048 156.497 1.72377
-46.4275 153.792 1.77733
-50.5145 152.511 1.80267
-54.5057 152.805 1.88319
-58.4254 154.373 2.01235
-61.9549 156.51 2.00628
-65.62 159.058 1.97927
-68.7983 161.459 1.98776
-72.046 163.955 2.07641
-75.1987 166.405 2.14239
-78.705 169.133 2.19249
-81.9808 171.655 2.23285
-85.2163 174.165 2.25249
-88.7689 176.891 2.21626
-92.0026 179.365 2.19366
-95.4542 181.991 2.20501
-98.8687 184.55 2.27573
-102.22 187.033 2.32011
-105.621 189.693 2.38493
-108.709 192.758 2.36344
-110.724 196.485 2.30775
-111.116 200.74 2.27974
-109.774 204.939 2.27959
-107.518 208.557 2.17374
-104.761 212.004 2.08769
-102.207 215.1 2.01452
-99.6909 218.222 1.96268
-97.141 221.404 1.91915
-94.3846 224.807 1.8518
-91.6678 228.135 1.80127
-88.9738 231.436 1.76334
-86.3218 234.745 1.7435
-83.6928 238.145 1.62247
-81.1138 241.607 1.50987
-78.6284 245.092 1.41035
-75.9887 248.517 1.32614
-72.6427 251.276 1.23574
-68.6246 252.538 1.16932
-64.3337 252.001 1.17856
-60.632 250.239 1.22123
-56.9287 247.833 1.15613
-53.5881 245.502 1.09643
-50.1921 243.039 1.06851
-46.7876 240.512 1.07068
-43.3992 237.998 1.0818
-40.0349 235.477 1.09722
-36.793 233.038 1.08334
-33.1468 230.307 1.07674
-29.5855 227.644 1.05725
-26.0814 225.04 1.00044
-22.6322 222.5 0.935494
-19.306 220.073 0.8979
-15.8497 217.48 0.892895
-12.7976 214.53 0.897794
-10.7482 210.877 0.812365
-10.1115 206.506 0.809889
-10.9895 202.566 0.868674
-12.9078 198.956 0.9357
-15.2897 195.534 1.00829
-17.8211 192.156 1.09134
-20.3513 188.895 1.18511
-22.8892 185.661 1.30297
-25.4243 182.393 1.3191
-27.9786 179.064 1.35527
-30.5548 175.7 1.40244
-33.1064 172.309 1.45037
-35.7225 168.857 1.49825
-38.2779 165.489 1.55065
-40.8036 162.13 1.60208
-43.2625 158.817 1.67006
-45.6499 155.606 1.75668
-48.1036 152.274 1.72329
-50.5139 148.928 1.72163
-52.9207 145.54 1.72932
-55.3146 142.194 1.7457
-58.0522 138.878 1.78428
-61.5164 136.431 1.81105
-65.5566 135.619 1.86457
-69.7759 136.534 1.94729
-73.3984 138.643 2.02527
-76.6911 141.34 2.03605
-79.9491 144.195 2.04069
-83.2315 147.044 2.07911
-86.2921 149.635 2.122
-89.6819 152.43 2.18659
-93.1856 155.205 2.22834
-96.7762 157.99 2.21933
-100.273 160.672 2.19861
-103.843 163.392 2.17069
-107.136 165.865 2.17087
-110.494 168.354 2.20936
-113.662 170.837 2.21657
-116.974 173.756 2.25039
-119.576 176.866 2.2749
-121.315 180.781 2.19151
-121.535 185.21 2.13456
-120.299 189.381 2.1289
-118.274 192.811 2.09392
-115.965 196.112 2.09065
-113.614 199.477 2.09329
-111.299 202.797 2.09547
-108.996 206.095 2.07951
-106.516 209.706 2.00214
-104.034 213.303 1.9338
-101.518 216.662 1.88181
-98.689 219.613 1.84807
-94.9724 221.828 1.78876
-90.9103 222.431 1.78632
-86.9538 221.443 1.84492
-83.1712 219.142 1.80785
-79.934 216.717 1.59455
-76.6263 214.154 1.36565
-73.0928 211.43 1.10154
-69.8928 209.013 0.889421
-66.4803 206.471 0.704488
-62.9664 203.837 0.459944
-59.5055 201.244 0.211328
-56.3048 198.804 -0.0298242
-52.7582 196.149 -0.284989
-49.4044 193.653 -0.52644
-46.1425 191.246 -0.783344
-42.7658 188.804 -1.0655
-39.4953 186.389 -1.29807
-36.3505 183.716 -1.54884
-33.9453 180.263 -1.64359
-32.9578 176.382 -1.71393
-33.4292 172.316 -1.70775
-35.1045 168.33 -1.72905
-37.2481 164.828 -1.70181
-39.6303 161.171 -1.66177
-42.0076 157.95 -1.61988
-44.9811 155.078 -1.55672
-48.483 153.218 -1.56485
-52.7017 152.569 -1.54358
-56.731 153.351 -1.4776
-60.5312 155.158 -1.43192
-63.9482 157.383 -1.45949
-67.3039 159.813 -1.471
-70.7701 162.44 -1.42854
-74.2039 165.086 -1.36583
-77.6861 167.768 -1.3036
-81.1701 170.399 -1.25103
-84.3707 172.817 -1.28355
-87.8923 175.436 -1.32694
-91.4321 178.039 -1.34375
-94.9106 180.564 -1.35087
-98.4739 183.171 -1.3305
-101.839 185.72 -1.30818
-105.105 188.339 -1.25084
-108.194 191.231 -1.18999
-110.451 194.615 -1.25797
-111.393 198.832 -1.29803
-110.654 202.864 -1.27851
-108.646 206.553 -1.30979
-106.247 209.803 -1.34343
-103.681 213.068 -1.38521
-101.057 216.421 -1.4196
-98.5351 219.669 -1.44877
-96.0854 222.857 -1.46867
-93.6793 226.025 -1.48493
-91.2373 229.292 -1.49646
-88.7809 232.473 -1.51099
-85.937 235.314 -1.53168
-82.1493 237.31 -1.59473
-78.1787 237.75 -1.61632
-74.2538 236.708 -1.58718
-70.5697 234.573 -1.60785
-67.2502 232.142 -1.64521
-63.8577 229.538 -1.68198
-60.3865 226.854 -1.7335
-56.9932 224.204 -1.71938
-53.6777 221.608 -1.67854
-50.4506 219.093 -1.63594
-47.0998 216.506 -1.62779
-43.7285 213.937 -1.66933
-40.2683 211.328 -1.71152
-36.7239 208.686 -1.76683
-33.2045 206.104 -1.81358
-29.8679 203.653 -1.80841
-26.4641 200.904 -1.80611
-23.7586 197.795 -1.81491
-22.1772 194.124 -1.86996
-21.8914 189.781 -1.84664
-23.0232 185.887 -1.77614
-25.1436 182.081 -1.78422
-27.4322 178.656 -1.7659
-29.7055 175.392 -1.74169
-32.0353 172.089 -1.70685
-34.3986 168.772 -1.69733
-36.7205 165.514 -1.66315
-39.0582 162.28 -1.62205
-41.587 158.811 -1.56722
-44.1043 155.345 -1.49816
-46.4619 152.134 -1.512
-49.0636 148.598 -1.53438
-51.7251 145.076 -1.54377
-54.5633 141.802 -1.53563
-57.8665 139.175 -1.50892
-61.8775 137.672 -1.48498
-66.1126 137.631 -1.41602
-70.2401 139.058 -1.29302
-73.6537 141.221 -1.31332
-77.0599 143.811 -1.32909
-80.5461 146.56 -1.30921
-83.8851 149.279 -1.23047
-87.1284 151.976 -1.17454
-90.3138 154.614 -1.14959
-93.5853 157.236 -1.14017
-97.0365 159.848 -1.1482
-100.519 162.374 -1.17061
-104.071 164.792 -1.21467
-107.542 167.078 -1.20103
-111.205 169.456 -1.16398
-114.629 171.81 -1.11716
-117.698 174.469 -1.07997
-120.156 177.793 -1.1283
-121.531 181.874 -1.19548
-121.428 186.136 -1.20294
-119.938 190.106 -1.21623
-117.537 193.72 -1.22376
-115.112 196.913 -1.22638
-112.645 200.141 -1.21767
-110.148 203.447 -1.20017
-107.674 206.731 -1.25832
-105.167 210.067 -1.3032
-102.672 213.375 -1.35625
-100.213 216.669 -1.40084
-97.7729 219.948 -1.4351
-95.1939 223.434 -1.47044
-92.6886 226.862 -1.50474
-90.1843 230.312 -1.54217
-87.7413 233.7 -1.56588
-85.2432 237.155 -1.64129
-82.6846 240.705 -1.73208
-80.128 244.22 -1.81325
-77.3387 247.583 -1.89153
-74.1223 250.359 -1.94934
-70.1693 252.144 -2.02488
-65.8568 252.407 -2.04381
-61.6514 251.122 -1.97706
-58.25 249.021 -2.02901
-54.8333 246.456 -2.08398
-51.3084 243.743 -2.10081
-47.8548 241.097 -2.12455
-44.2969 238.39 -2.09458
-40.8249 235.793 -2.07668
-37.3441 233.217 -2.06261
-33.7929 230.645 -2.05203
-30.2711 228.135 -2.07791
-26.7841 225.734 -2.12382
-23.4072 223.472 -2.18811
-19.765 221.015 -2.20425
-16.444 218.487 -2.21897
-13.4788 215.566 -2.19991
-11.2724 212.01 -2.26626
-10.2854 208.028 -2.29528
-10.6082 203.875 -2.24779
-12.237 199.839 -2.18732
-14.649 196.156 -2.11716
-17.028 192.895 -2.06
-19.3769 189.605 -1.97376
-21.8687 186.014 -1.88948
-24.1326 182.699 -1.8706
-26.5347 179.01 -1.85524
-28.8855 175.371 -1.8323
-31.2816 172.183 -1.79879
-34.4208 169.356 -1.75804
-38.4109 167.813 -1.69599
-42.3813 167.989 -1.60696
-46.1025 169.533 -1.51794
-49.5819 171.91 -1.63901
-52.7759 174.271 -1.79947
-55.9906 176.688 -1.95023
-59.4164 179.286 -2.15037
-62.6372 181.732 -2.33929
-65.8906 184.194 -2.52109
-69.3404 186.81 -2.73497
-72.6678 189.323 -2.93567
-76.2003 191.973 -3.16416
-79.5778 194.518 -3.39476
-82.7801 196.911 -3.60973
-86.1739 199.429 -3.83836
-89.4234 201.805 -4.06545
-92.7839 204.303 -4.31971
-95.7877 206.983 -4.58404
-98.2656 210.498 -4.85911
-99.0733 214.72 -5.0238
-98.1678 218.74 -5.13074
-96.0061 222.306 -5.17229
-93.3912 225.579 -5.16533
-90.8159 228.767 -5.16345
-88.3534 232.016 -5.17768
-85.7894 235.421 -5.23215
-83.2829 238.761 -5.33208
-80.7619 242.153 -5.45773
-78.3526 245.561 -5.57263
-75.7232 249.025 -5.68891
-72.6213 251.813 -5.7619
-68.7418 253.311 -5.78294
-64.4535 252.986 -5.74136
-60.7862 251.331 -5.62574
-57.0767 248.891 -5.67238
-53.7022 246.348 -5.65015
-50.2107 243.705 -5.61089
-47.0113 241.27 -5.55527
-43.7554 238.791 -5.50283
-40.1678 236.093 -5.45032
-36.7887 233.471 -5.36441
-33.3942 230.716 -5.30504
-30.0374 227.902 -5.31936
-26.8321 225.186 -5.31356
-23.7567 222.632 -5.2995
-20.4499 219.946 -5.26544
-17.0733 217.264 -5.22964
-13.967 214.548 -5.10081
-11.2289 211.269 -5.1539
-9.50682 207.382 -5.17448
-9.62202 203.389 -5.14134
-11.4024 199.617 -5.10978
-13.8796 196.332 -4.99065
-16.6433 193.001 -4.90093
-19.2243 189.949 -4.79606
-21.826 186.724 -4.69529
-24.4307 183.362 -4.65067
-27.1019 179.935 -4.6346
-29.689 176.688 -4.61326
-32.3966 173.218 -4.59006
-34.9598 169.944 -4.55817
-37.4287 166.774 -4.46949
-39.993 163.437 -4.38401
-42.4355 160.205 -4.29336
-44.9969 156.783 -4.19763
-47.393 153.554 -4.18864
-49.7812 150.31 -4.19733
-52.2514 146.957 -4.19035
-54.8283 143.511 -4.18001
-57.8125 140.348 -4.15302
-61.4237 138.216 -4.06868
-65.5604 137.453 -3.99344
-69.4996 138.132 -3.93175
-73.2386 140.036 -3.94604
-76.4882 142.391 -4.01878
-79.7676 144.961 -4.04574
-83.0471 147.603 -4.0651
-86.31 150.201 -4.06762
-89.6068 152.799 -4.06358
-92.8409 155.354 -4.04565
-96.1115 157.936 -4.12842
-99.4482 160.574 -4.23645
-102.845 163.247 -4.29631
-106.256 165.882 -4.33933
-109.556 168.39 -4.36731
-113.031 170.919 -4.39717
-116.322 173.347 -4.39769
-119.494 176.18 -4.37214
-121.793 179.794 -4.51749
-122.592 183.796 -4.61228
-121.807 187.926 -4.72178
-119.781 191.513 -4.76614
-117.253 194.903 -4.74918
-114.643 198.255 -4.74838
-112.143 201.527 -4.74302
-109.63 204.828 -4.76385
-107.041 208.279 -4.85978
-104.446 211.799 -4.94848
-101.868 215.291 -5.0218
-99.4736 218.518 -5.09559
-96.7943 222.094 -5.14414
-94.3567 225.448 -5.16125
-91.864 228.951 -5.16839
-89.4667 232.186 -5.19949
-86.584 235.362 -5.23584
-83.1282 237.636 -5.31073
-79.1829 238.246 -5.34949
-74.9657 237.158 -5.29089
-71.3598 235.27 -5.23007
-67.9175 233.063 -5.21716
-64.4315 230.648 -5.19983
-61.1949 228.314 -5.15707
-57.9399 225.922 -5.1123
-54.6621 223.448 -5.05832
-51.4659 220.998 -4.97047
-48.24 218.571 -4.87089
-44.9919 216.125 -4.80014
-41.4732 213.477 -4.79386
-38.0182 210.893 -4.78931
-34.7685 208.395 -4.77956
-31.5145 205.848 -4.75741
-28.4062 203.27 -4.68425
-25.2938 200.425 -4.56369
-22.6199 197.4 -4.58871
-20.793 193.802 -4.58592
-20.6457 189.615 -4.49926
-22.2274 185.927 -4.3902
-24.5502 182.568 -4.3608
-26.9701 179.345 -4.33825
-29.5174 176.098 -4.30081
-32.149 172.771 -4.26773
-34.6629 169.649 -4.22921
-37.2015 166.452 -4.13023
-39.8814 162.962 -4.0269
-42.2872 159.733 -3.92573
-44.9011 156.529 -3.82122
-48.1176 154.057 -3.79711
-52.119 152.884 -3.78127
-56.2385 153.232 -3.74669
-60.2967 154.917 -3.69311
-63.9262 157.272 -3.79147
-67.2701 159.8 -3.83483
-70.8075 162.512 -3.83976
-74.3336 165.235 -3.84796
-77.8008 167.916 -3.84398
-81.3181 170.648 -3.83795
-84.7293 173.319 -3.93991
-87.8802 175.765 -4.04703
-91.0725 178.221 -4.10531
-94.6381 180.919 -4.15845
-98.0658 183.5 -4.19705
-101.303 185.944 -4.22347
-104.821 188.518 -4.23253
-108.048 191.309 -4.23732
-110.306 194.676 -4.37289
-111 198.73 -4.44281
-109.87 202.814 -4.47719
-107.846 206.376 -4.54641
-106.263 210.441 -4.66709
-106.891 214.688 -4.77429
-109.412 217.978 -4.90553
-112.475 220.623 -5.08181
-115.614 223.155 -5.24881
-118.903 225.613 -5.44681
-122.728 227.301 -5.64647
-127.076 227.469 -5.70756
-131.447 226.044 -5.6467
-135.048 223.64 -5.57778
-138.073 220.728 -5.50802
-141.059 217.273 -5.40562
-144.147 213.344 -5.2716
-146.688 210.112 -5.17917
-149.349 206.725 -5.07471
-152.127 203.158 -4.98276
-154.966 199.474 -4.88613
-158.075 195.428 -4.79792
-161.131 191.429 -4.68749
-164.252 187.311 -4.59354
-167.451 183.109 -4.48613
-170.491 179.068 -4.40003
-173.49 175.047 -4.31672
-176.524 170.953 -4.2426
-179.355 167.122 -4.14667
-182.128 163.339 -4.06374
-184.839 159.543 -3.97797
-187.445 155.778 -3.90858
-189.99 151.984 -3.82477
-192.339 148.245 -3.7825
-194.729 144.265 -3.68911
-196.804 140.564 -3.59671
-198.87 136.605 -3.58181
-200.773 132.669 -3.52574
-202.623 128.56 -3.45572
-204.319 124.457 -3.38756
-205.871 120.358 -3.2955
-207.293 116.31 -3.23485
-208.614 112.234 -3.15303
-209.782 108.218 -3.09159
-210.865 104.14 -3.02974
-211.853 99.9959 -2.96462
-212.711 95.9557 -2.89213
-213.453 91.9258 -2.82332
-214.069 87.9694 -2.77291
-214.575 83.965 -2.72139
-215.007 79.017 -2.63922
-215.25 73.9781 -2.55005
-215.326 69.279 -2.44378
-215.293 64.5996 -2.34936
-215.155 60.1147 -2.27397
-214.887 55.7635 -2.18753
-214.389 51.0697 -2.17835
-213.793 46.6409 -2.0519
-213.114 42.5583 -1.99427
-212.246 38.2277 -1.92362
-211.379 34.2383 -1.87965
-210.408 30.2616 -1.85221
-209.242 26.0695 -1.76237
-207.483 22.2146 -1.66762
-204.777 18.8525 -1.56143
-201.449 16.3785 -1.48095
-197.33 14.7334 -1.34745
-193.218 14.1893 -1.31318
-188.813 14.5568 -1.28355
-184.294 15.7086 -1.33846
-180.236 16.9286 -1.33083
-176.205 18.1744 -1.2928
-172.114 19.4303 -1.27201
-167.901 20.7364 -1.2307
-163.565 22.0961 -1.18253
-159.722 23.3394 -1.14741
-155.503 24.749 -1.13006
-150.875 26.3336 -1.10278
-146.19 27.9542 -1.05812
-142.365 29.251 -1.0375
-137.631 30.8707 -1.01032
-132.918 32.4807 -0.993798
-128.064 34.1305 -0.965597
-123.399 35.6989 -0.942879
-118.702 37.2684 -0.907507
-114.051 38.832 -0.883258
-109.369 40.3574 -0.839953
-104.747 41.8282 -0.772635
-100.279 43.1723 -0.677068
-95.614 44.5191 -0.596108
-91.2862 45.7419 -0.516727
-86.7456 46.9226 -0.447726
-82.4333 47.9619 -0.360585
-78.2006 48.8703 -0.275999
-73.8985 49.6941 -0.207809
-69.6266 50.3823 -0.161291
-65.3516 50.9371 -0.101144
-61.0754 51.3652 -0.0441144
-56.7261 51.6749 0.00752449
-52.3547 51.8507 0.0537473
-48.0229 51.8684 0.0900054
-43.631 51.7166 0.129104
-39.297 51.4361 0.17065
-34.9091 51.0349 0.208191
-30.4605 50.5352 0.237
-26.0759 49.9105 0.249744
-21.7098 49.2127 0.225563
-17.2585 48.4109 0.176671
-12.9627 47.5483 0.155385
-8.57301 46.502 0.101579
-4.25961 45.3609 0.038459
0.0180213 44.0892 -0.0189575
4.36591 42.6048 -0.0968432
8.2922 41.0317 -0.172674
12.2443 39.1981 -0.253711
16.0815 37.2608 -0.335786
19.9392 35.2345 -0.418014
23.649 33.2475 -0.519992
27.327 31.2481 -0.599894
31.4233 28.9117 -0.714794
35.0436 26.7972 -0.820767
38.4922 24.7058 -0.929492
41.8487 22.0344 -1.06499
44.0721 18.3334 -1.24009
44.2327 13.884 -1.20509
43.1665 9.99352 -1.1901
41.5278 6.20596 -1.16508
39.3153 2.86235 -1.11504
36.2042 0.115695 -1.06458
32.1959 -1.60762 -0.955713
27.853 -2.34349 -0.826732
23.4887 -2.67173 -0.72624
19.246 -2.94131 -0.605647
15.166 -3.15808 -0.512005
11.0605 -3.50661 -0.47249
6.89966 -3.66003 -0.407699
3.03777 -2.46556 -0.42474
0.24119 0.770358 -0.368958
-0.926586 4.58673 -0.371826
-1.16209 8.68382 -0.387923
-0.888073 12.8799 -0.360451
-0.574597 17.1106 -0.377747
-0.0944743 21.306 -0.408636
